1	12056	12178	+
1	12226	12612	+
1	12696	12974	+
1	12720	13220	+
1	13051	13220	+
1	13373	13452	+
1	14500	15004	-
1	15037	15795	-
1	15946	16606	-
1	16764	16857	-
1	17054	17232	-
1	17367	17605	-
1	17741	17914	-
1	18060	18267	-
1	18365	24737	-
1	24890	29533	-
1	30038	30563	+
1	30666	30975	+
1	35173	35276	-
1	35480	35720	-
1	57652	58699	+
1	58855	62915	+
1	65432	65519	+
1	65572	69036	+
1	90049	90286	-
1	91628	92090	-
1	92239	112699	-
1	111356	112699	-
1	112803	120720	-
1	112803	120774	-
1	112803	129054	-
1	120931	129054	-
1	129222	133373	-
1	139846	140074	-
1	143010	146385	-
1	146508	146641	-
1	146508	155766	-
1	155830	164262	-
1	160689	161313	+
1	164790	165883	-
1	165941	168099	-
1	168164	168609	-
1	168164	169048	-
1	169263	172556	-
1	172687	173752	-
1	182745	183131	+
1	183215	183493	+
1	183570	183739	+
1	183900	183980	+
1	185349	185490	-
1	185558	186316	-
1	186468	187128	-
1	187286	187375	-
1	187576	187754	-
1	187889	188129	-
1	188265	188438	-
1	188583	188790	-
1	188901	195262	-
1	259024	261549	-
1	259024	264603	-
1	259024	267302	-
1	259024	356684	-
1	261633	267302	-
1	268203	268666	-
1	268815	289265	-
1	289369	297344	-
1	357585	358048	-
1	358182	359344	-
1	358928	365170	+
1	358956	365170	+
1	360167	365170	+
1	365691	366018	-
1	365691	368250	-
1	365691	373143	-
1	373322	379768	-
1	379869	485039	-
1	476944	485039	-
1	485207	489360	-
1	485207	494991	-
1	485207	497108	-
1	489386	489716	+
1	491988	492767	-
1	494585	496263	-
1	494897	494991	-
1	495048	495276	-
1	495048	497108	-
1	495048	498683	-
1	497227	498072	-
1	497298	498046	-
1	497298	498072	-
1	497298	498398	-
1	497298	501555	-
1	498304	498398	-
1	498455	498683	-
1	498455	501555	-
1	499368	501555	-
1	501619	502186	-
1	501619	502464	-
1	501619	502861	-
1	502242	502464	-
1	502660	504979	-
1	502954	504979	-
1	504932	514358	-
1	505102	514358	-
1	514422	517155	-
1	514422	517184	-
1	517265	522858	-
1	586357	586820	-
1	586954	588116	-
1	586954	594628	-
1	586954	703684	-
1	587700	594234	+
1	587728	594234	+
1	594755	597298	-
1	594755	601397	-
1	601576	607954	-
1	601576	711710	-
1	608055	612740	-
1	608055	628918	-
1	608055	698926	-
1	608055	720031	-
1	612863	628918	-
1	627822	627960	-
1	628222	628918	-
1	629005	631130	-
1	629005	633043	-
1	698958	827669	-
1	702339	703684	-
1	703788	711710	-
1	703788	720031	-
1	711921	720031	-
1	711921	827669	-
1	720199	724357	-
1	720199	732016	-
1	724359	724717	+
1	729803	733306	-
1	733363	735422	-
1	735612	743179	-
1	743349	744194	-
1	744390	744727	-
1	744824	746694	-
1	746817	756076	-
1	756140	758966	-
1	759122	764722	-
1	761153	761777	+
1	764799	765143	-
1	765246	766328	-
1	766386	768547	-
1	768612	769496	-
1	768612	774170	-
1	769711	772975	-
1	773106	774170	-
1	774279	778283	-
1	779091	781936	+
1	779091	803918	+
1	782042	783110	+
1	782135	783110	+
1	782135	784369	+
1	783362	784369	+
1	784492	786392	+
1	784492	792881	+
1	784492	795469	+
1	784492	801606	+
1	784492	803566	+
1	784492	803918	+
1	784492	803921	+
1	793040	795469	+
1	795581	803566	+
1	795581	803950	+
1	801162	805798	-
1	803666	803918	+
1	803666	803950	+
1	804221	804775	+
1	804221	807216	+
1	804965	806385	+
1	804965	807216	+
1	805890	808573	-
1	807322	809621	+
1	807322	809657	+
1	808622	810066	-
1	810169	817372	-
1	818201	818722	+
1	825551	847653	+
1	826922	829002	+
1	827774	829002	+
1	827852	829002	+
1	829103	841199	+
1	829103	847653	+
1	829103	851926	+
1	831676	841199	+
1	841372	851926	+
1	847805	849483	+
1	847805	850180	+
1	847805	851926	+
1	849601	850177	+
1	849601	850180	+
1	849601	851926	+
1	850350	851926	+
1	852109	852670	+
1	852109	853390	+
1	852765	853390	+
1	868529	868626	-
1	868674	869527	-
1	868674	874111	-
1	868674	875039	-
1	869574	870085	-
1	874590	875046	-
1	875154	875525	-
1	875154	876745	-
1	875624	876526	-
1	876610	876754	-
1	904956	915749	+
1	911472	911944	+
1	914443	914802	+
1	917485	918021	-
1	917719	918021	-
1	918109	918824	-
1	918914	919334	-
1	924947	925921	+
1	925188	925921	+
1	925799	925921	+
1	926012	930154	+
1	930335	931038	+
1	930335	935771	+
1	931088	935771	+
1	931088	942409	+
1	935804	941171	+
1	935895	939039	+
1	939128	939271	+
1	939128	939274	+
1	939128	941143	+
1	939411	941143	+
1	939411	942409	+
1	939459	941143	+
1	939459	942135	+
1	940461	941143	+
1	941229	942409	+
1	941305	942135	+
1	942250	942409	+
1	942487	942558	+
1	943057	943252	+
1	943376	943697	+
1	943807	943907	+
1	944799	945041	-
1	944799	945056	-
1	945145	945517	-
1	945421	945517	-
1	945652	946172	-
1	946285	946401	-
1	946544	948130	-
1	948231	948489	-
1	948602	951126	-
1	951237	951999	-
1	952138	952411	-
1	952599	953174	-
1	953287	953781	-
1	953891	954003	-
1	954081	955922	-
1	954522	955922	-
1	956012	956094	-
1	956214	956893	-
1	957024	957098	-
1	957272	958928	-
1	959080	959214	-
1	960698	962081	+
1	960799	961292	+
1	961551	961628	+
1	961749	961825	+
1	962046	962354	+
1	962470	962703	+
1	962916	963031	+
1	962916	963108	+
1	963252	963336	+
1	963503	963919	+
1	964007	964106	+
1	964166	964348	+
1	964179	964348	+
1	964529	964962	+
1	966613	966703	+
1	966802	970276	+
1	970422	970520	+
1	970600	970685	+
1	970757	970878	+
1	971005	971076	+
1	971005	971112	+
1	971207	971323	+
1	971403	972074	+
1	972149	972287	+
1	972423	972860	+
1	973009	973185	+
1	973009	973499	+
1	973325	973499	+
1	973639	973832	+
1	974050	974315	+
1	974363	974441	+
1	974587	975711	+
1	976268	976498	-
1	976623	978880	-
1	980656	981136	-
1	981172	982064	-
1	999431	999525	-
1	999612	999691	-
1	999612	999865	-
1	999786	999865	-
1	1001262	1008193	+
1	1001280	1008193	+
1	1008278	1013983	+
1	1012189	1012916	-
1	1013575	1013983	+
1	1020372	1022200	+
1	1022461	1035276	+
1	1034702	1035276	+
1	1035323	1040664	+
1	1040879	1041172	+
1	1041396	1041477	+
1	1041701	1041955	+
1	1042161	1043238	+
1	1043456	1043537	+
1	1043731	1043822	+
1	1044022	1044108	+
1	1044256	1044333	+
1	1044438	1045160	+
1	1045276	1045358	+
1	1045522	1045732	+
1	1045875	1045963	+
1	1046087	1046159	+
1	1046264	1046396	+
1	1046734	1046819	+
1	1046956	1047326	+
1	1047453	1047572	+
1	1047686	1047775	+
1	1047894	1048011	+
1	1048364	1048866	+
1	1049058	1049235	+
1	1049450	1049565	+
1	1049794	1049902	+
1	1050036	1050232	+
1	1050328	1050426	+
1	1050590	1050725	+
1	1050836	1051031	+
1	1050836	1051252	+
1	1051042	1051252	+
1	1051368	1051452	+
1	1051644	1051727	+
1	1051814	1051992	+
1	1051814	1053752	+
1	1052015	1053460	+
1	1053492	1053752	+
1	1053976	1054447	+
1	1054550	1054823	+
1	1055214	1055897	+
1	1059845	1060279	+
1	1060392	1063078	+
1	1061116	1063078	+
1	1062807	1063060	-
1	1063200	1063479	+
1	1063200	1065829	+
1	1063565	1064209	+
1	1064400	1064489	+
1	1064588	1065351	+
1	1064588	1065829	+
1	1064588	1065948	+
1	1065474	1066586	+
1	1066666	1067565	+
1	1067645	1067868	+
1	1068002	1068576	+
1	1068723	1069207	+
1	1072574	1074015	-
1	1082252	1082603	-
1	1082986	1083914	-
1	1082986	1084352	-
1	1084010	1084352	-
1	1084085	1084352	-
1	1084382	1084480	-
1	1084505	1085250	-
1	1084505	1085877	-
1	1085309	1085877	-
1	1086011	1087138	-
1	1087203	1087501	-
1	1087596	1090352	-
1	1090427	1090875	-
1	1090427	1091277	-
1	1090427	1091471	-
1	1090586	1091471	-
1	1090982	1091471	-
1	1091373	1091471	-
1	1091564	1091990	-
1	1091608	1091990	-
1	1092102	1092565	-
1	1092102	1105955	-
1	1092102	1115021	-
1	1092102	1116059	-
1	1106048	1106649	-
1	1106048	1116059	-
1	1106870	1115021	-
1	1115074	1116059	-
1	1137109	1140824	+
1	1141031	1142738	+
1	1173925	1174265	+
1	1173925	1174284	+
1	1173925	1174520	+
1	1174320	1174423	+
1	1174488	1179188	+
1	1176395	1179364	-
1	1179332	1179656	+
1	1179736	1180033	+
1	1179852	1180033	+
1	1180339	1180482	+
1	1180600	1180730	+
1	1180859	1181740	+
1	1181814	1182360	+
1	1182445	1182875	+
1	1183046	1183919	+
1	1184090	1184968	+
1	1185108	1196385	+
1	1185108	1196599	+
1	1196487	1196599	+
1	1196715	1197092	+
1	1197185	1197437	+
1	1203959	1204398	-
1	1203967	1204033	-
1	1203967	1204054	-
1	1204235	1204398	-
1	1204485	1205369	-
1	1205491	1206384	-
1	1211624	1211703	-
1	1211831	1211941	-
1	1212137	1212637	-
1	1212703	1212991	-
1	1213092	1213394	-
1	1213092	1213662	-
1	1213784	1213982	-
1	1217687	1218457	-
1	1217803	1218457	-
1	1218632	1218768	-
1	1218926	1223243	-
1	1218942	1223243	-
1	1219004	1223243	-
1	1223356	1223831	-
1	1223967	1228467	-
1	1227318	1228467	-
1	1228945	1231891	-
1	1242645	1242834	-
1	1242912	1243061	-
1	1243151	1243443	-
1	1243551	1243953	-
1	1244104	1244190	-
1	1244274	1244380	-
1	1244496	1246513	-
1	1255486	1256044	-
1	1256124	1256991	-
1	1257129	1257207	-
1	1257129	1263345	-
1	1257309	1262169	-
1	1257309	1262268	-
1	1257309	1263345	-
1	1257309	1273498	-
1	1262389	1263345	-
1	1263385	1264782	-
1	1263385	1266097	-
1	1263385	1267732	-
1	1263385	1267861	-
1	1263385	1273665	-
1	1264829	1267861	-
1	1266289	1267732	-
1	1266289	1267861	-
1	1267991	1271509	-
1	1267991	1272852	-
1	1267991	1273376	-
1	1267991	1273498	-
1	1267991	1273665	-
1	1271636	1273665	-
1	1275298	1279067	+
1	1279147	1280310	+
1	1280665	1281225	+
1	1281296	1281410	+
1	1281609	1282241	+
1	1282009	1282116	+
1	1282186	1282275	+
1	1282314	1283977	+
1	1282318	1283977	+
1	1284089	1285570	+
1	1284089	1285925	+
1	1285663	1285925	+
1	1286277	1286767	+
1	1286974	1287108	+
1	1287298	1287507	+
1	1287595	1287672	+
1	1287835	1287938	+
1	1288036	1290270	+
1	1290387	1290476	+
1	1290554	1290636	+
1	1290693	1290894	+
1	1290952	1291064	+
1	1291139	1291253	+
1	1293707	1293822	-
1	1293932	1294089	-
1	1294198	1294401	-
1	1294627	1294717	-
1	1294627	1295446	-
1	1294815	1295446	-
1	1295553	1295735	-
1	1295937	1296014	-
1	1296108	1296210	-
1	1296279	1296424	-
1	1296632	1297821	-
1	1297932	1298012	-
1	1298112	1298184	-
1	1298112	1298369	-
1	1298420	1298566	-
1	1298678	1299344	-
1	1299355	1299830	-
1	1299904	1299972	-
1	1300067	1300157	-
1	1300201	1300508	-
1	1300691	1301987	-
1	1302045	1302921	-
1	1302974	1303161	-
1	1303280	1304085	-
1	1304142	1307071	-
1	1304142	1307336	-
1	1304142	1307768	-
1	1304142	1309441	-
1	1307155	1307768	-
1	1307382	1307768	-
1	1308719	1308914	+
1	1308719	1309085	+
1	1308971	1309085	+
1	1309272	1309453	+
1	1309602	1309680	+
1	1309602	1309705	+
1	1309813	1310035	+
1	1309850	1310633	+
1	1310687	1310908	+
1	1311070	1311329	+
1	1311923	1312017	-
1	1312146	1312225	-
1	1312355	1312877	-
1	1312367	1312439	-
1	1312367	1312592	-
1	1312500	1312592	-
1	1312699	1312786	-
1	1312948	1313034	-
1	1313123	1313508	-
1	1313591	1313731	-
1	1313920	1314300	-
1	1313920	1314823	-
1	1314104	1314300	-
1	1314317	1319335	-
1	1314364	1314823	-
1	1314961	1315403	-
1	1314961	1315519	-
1	1314961	1319071	-
1	1314961	1320995	-
1	1315437	1315519	-
1	1315551	1319295	-
1	1315613	1323176	-
1	1315617	1316156	-
1	1315617	1319295	-
1	1315617	1320995	-
1	1315617	1323180	-
1	1315617	1324580	-
1	1317898	1318622	-
1	1319432	1320455	-
1	1319523	1320455	-
1	1319523	1324580	-
1	1319704	1320455	-
1	1319842	1320455	-
1	1319884	1320455	-
1	1320528	1320995	-
1	1320681	1320995	-
1	1321092	1321907	-
1	1321092	1322891	-
1	1321092	1323146	-
1	1321092	1323180	-
1	1321092	1324580	-
1	1321095	1324580	-
1	1321979	1323180	-
1	1321983	1322891	-
1	1321983	1323180	-
1	1321983	1324580	-
1	1323286	1324580	-
1	1325101	1326835	+
1	1325101	1327240	+
1	1325594	1326835	+
1	1327031	1327240	+
1	1331535	1331637	+
1	1331937	1332023	+
1	1332805	1332920	+
1	1333123	1333258	+
1	1333378	1333505	+
1	1336514	1337017	-
1	1336514	1337976	-
1	1337054	1337976	-
1	1338182	1338268	-
1	1338371	1340458	-
1	1338435	1338521	-
1	1338652	1339286	-
1	1338652	1339361	-
1	1339438	1339581	-
1	1339648	1339735	-
1	1339811	1340037	-
1	1340176	1340246	-
1	1340315	1340409	-
1	1340502	1341666	-
1	1341804	1342052	-
1	1342155	1342362	-
1	1342483	1342688	-
1	1342757	1348895	-
1	1353331	1353847	-
1	1353628	1353847	-
1	1353927	1354029	-
1	1353945	1354029	-
1	1354105	1354192	-
1	1354231	1354353	-
1	1354508	1354681	-
1	1355151	1355243	-
1	1355344	1355449	-
1	1355344	1356680	-
1	1355751	1356680	-
1	1356703	1358455	-
1	1356703	1361241	-
1	1373901	1373999	-
1	1374444	1374704	-
1	1374589	1374704	-
1	1374789	1374996	-
1	1374789	1375074	-
1	1374789	1375153	-
1	1387581	1387776	-
1	1387868	1387953	-
1	1388064	1388491	-
1	1388064	1388625	-
1	1388064	1388949	-
1	1388064	1390229	-
1	1388509	1388625	-
1	1388742	1388815	-
1	1388742	1388949	-
1	1388742	1390229	-
1	1388829	1390229	-
1	1389046	1390229	-
1	1389472	1390229	-
1	1390308	1390314	-
1	1390370	1390458	-
1	1390562	1390765	-
1	1390864	1391296	-
1	1390864	1392678	-
1	1390864	1392789	-
1	1390864	1393395	-
1	1391552	1392678	-
1	1391574	1392678	-
1	1391574	1392789	-
1	1392802	1393395	-
1	1393459	1395393	-
1	1395513	1398232	-
1	1395536	1398232	-
1	1398341	1398596	-
1	1398670	1398987	-
1	1398670	1399018	-
1	1399684	1400157	+
1	1399688	1399980	+
1	1399688	1400157	+
1	1400302	1400604	+
1	1400471	1401242	+
1	1402255	1405808	-
1	1402600	1405808	-
1	1405885	1406225	-
1	1405885	1406908	-
1	1406345	1406908	-
1	1407018	1407130	-
1	1419548	1420051	-
1	1419548	1420796	-
1	1419548	1420815	-
1	1420563	1422468	+
1	1420591	1420796	-
1	1421004	1421132	-
1	1426384	1427553	+
1	1430661	1434177	-
1	1430661	1434187	-
1	1430953	1431804	-
1	1430953	1434177	-
1	1435145	1436926	+
1	1435820	1436806	+
1	1435820	1436926	+
1	1435820	1437321	+
1	1437483	1439080	+
1	1450040	1450680	+
1	1450757	1452045	+
1	1452121	1452364	+
1	1452433	1454344	+
1	1452433	1455459	+
1	1454499	1455459	+
1	1455518	1455790	+
1	1455915	1456224	+
1	1456348	1457128	+
1	1457179	1459160	+
1	1459230	1460749	+
1	1460916	1462599	+
1	1462707	1468383	+
1	1472088	1477273	+
1	1477349	1478643	+
1	1478744	1479048	+
1	1479107	1480866	+
1	1480935	1482137	+
1	1482302	1482544	+
1	1482613	1485015	+
1	1485170	1485781	+
1	1485837	1486109	+
1	1486234	1486543	+
1	1486667	1487862	+
1	1486667	1489203	+
1	1487913	1489203	+
1	1489273	1489691	+
1	1489273	1490256	+
1	1489810	1490256	+
1	1490423	1490562	+
1	1490670	1495484	+
1	1503660	1509204	+
1	1512472	1516011	+
1	1512689	1516011	+
1	1516087	1517166	+
1	1516087	1517310	+
1	1517411	1517715	+
1	1517774	1518920	+
1	1518989	1520140	+
1	1520305	1520547	+
1	1520616	1522743	+
1	1522898	1523510	+
1	1523566	1523838	+
1	1523963	1524272	+
1	1524396	1525239	+
1	1525290	1526460	+
1	1526530	1527160	+
1	1526530	1527694	+
1	1527237	1527694	+
1	1527861	1529222	+
1	1529330	1533925	+
1	1535506	1535588	-
1	1535796	1539683	-
1	1539789	1540289	-
1	1540354	1540419	-
1	1542166	1543868	-
1	1543986	1544862	-
1	1545001	1564772	-
1	1564915	1574477	-
1	1615632	1616507	+
1	1616099	1616507	+
1	1616613	1617077	+
1	1616613	1623388	+
1	1616613	1623430	+
1	1617514	1623430	+
1	1617714	1623430	+
1	1623481	1623773	+
1	1623678	1623773	+
1	1623698	1623773	+
1	1623944	1624794	+
1	1624900	1624964	+
1	1624900	1624990	+
1	1624900	1625285	+
1	1625184	1625285	+
1	1625427	1625545	+
1	1625427	1625557	+
1	1625427	1626649	+
1	1625652	1626366	+
1	1625652	1626649	+
1	1625652	1626836	+
1	1626753	1626836	+
1	1626998	1627073	+
1	1627206	1627295	+
1	1627443	1627672	+
1	1627828	1628018	+
1	1628178	1628272	+
1	1628398	1628488	+
1	1628721	1629033	+
1	1628721	1629132	+
1	1629310	1629384	+
1	1629310	1629638	+
1	1629403	1629487	+
1	1629565	1629638	+
1	1629703	1630291	+
1	1632373	1632709	+
1	1632373	1632782	+
1	1632912	1632980	+
1	1632912	1633187	+
1	1633119	1633187	+
1	1633354	1633747	+
1	1633479	1633747	+
1	1633911	1633988	+
1	1634098	1634201	+
1	1634327	1634450	+
1	1634785	1635158	+
1	1635855	1635936	-
1	1636125	1636332	-
1	1636480	1636681	-
1	1636797	1636896	-
1	1637003	1637080	-
1	1637201	1637407	-
1	1637512	1637761	-
1	1637882	1638499	-
1	1638589	1640276	-
1	1640451	1641047	-
1	1641112	1641661	-
1	1641819	1641905	-
1	1642000	1642346	-
1	1642000	1642385	-
1	1642000	1649498	-
1	1642507	1645125	-
1	1642507	1649498	-
1	1645261	1649498	-
1	1645303	1645459	-
1	1645303	1645578	-
1	1645496	1645610	-
1	1645507	1645772	-
1	1645642	1645772	-
1	1645865	1645952	-
1	1645883	1645997	-
1	1645883	1646125	-
1	1645968	1646110	-
1	1646047	1655368	-
1	1646142	1655368	-
1	1646177	1655368	-
1	1649636	1652438	-
1	1652565	1655368	-
1	1655483	1657255	-
1	1655483	1657374	-
1	1657301	1657374	-
1	1657497	1658913	-
1	1659451	1662330	+
1	1660110	1668326	-
1	1666018	1668326	-
1	1668471	1669663	-
1	1668471	1675462	-
1	1669735	1670097	-
1	1670150	1671508	-
1	1671628	1675462	-
1	1673378	1674000	+
1	1675589	1676063	-
1	1676198	1676377	-
1	1676845	1690975	-
1	1676845	1692448	-
1	1691392	1692448	-
1	1700071	1700139	+
1	1700278	1700346	+
1	1700513	1700906	+
1	1701070	1701147	+
1	1701257	1701360	+
1	1701486	1701607	+
1	1702998	1703079	-
1	1703268	1703475	-
1	1703623	1703823	-
1	1703939	1704038	-
1	1703994	1704222	-
1	1704145	1704222	-
1	1704343	1704549	-
1	1704654	1704903	-
1	1705024	1705641	-
1	1705731	1707408	-
1	1705731	1707524	-
1	1707583	1708179	-
1	1707598	1708179	-
1	1708244	1708793	-
1	1708951	1709037	-
1	1709132	1709478	-
1	1709132	1709517	-
1	1709639	1712263	-
1	1712399	1716345	-
1	1712426	1716345	-
1	1716477	1719327	-
1	1716477	1719357	-
1	1719454	1721595	-
1	1721710	1722587	-
1	1721710	1722707	-
1	1722633	1722707	-
1	1722830	1723799	-
1	1722830	1723948	-
1	1722830	1724257	-
1	1722830	1734689	-
1	1724762	1730245	+
1	1724762	1735816	+
1	1725421	1734689	-
1	1732522	1734689	-
1	1732843	1735816	+
1	1734834	1735203	-
1	1734834	1738320	-
1	1735914	1736853	+
1	1738447	1738921	-
1	1739056	1739235	-
1	1739703	1744250	-
1	1739703	1745723	-
1	1744667	1745723	-
1	1753059	1753566	-
1	1753648	1754050	-
1	1753648	1754283	-
1	1754207	1754283	-
1	1754382	1754543	-
1	1754697	1755373	-
1	1754697	1756257	-
1	1755475	1756257	-
1	1756342	1756502	-
1	1756607	1756738	-
1	1756607	1756778	-
1	1756607	1757180	-
1	1756656	1757106	-
1	1756881	1757180	-
1	1757309	1758364	-
1	1757309	1759100	-
1	1757309	1761951	-
1	1759242	1759733	-
1	1759901	1761951	-
1	1762034	1765227	-
1	1765445	1778288	-
1	1765445	1778745	-
1	1765445	1779904	-
1	1779195	1779904	-
1	1780028	1780281	-
1	1787052	1787321	-
1	1787436	1789052	-
1	1789268	1790394	-
1	1790595	1793244	-
1	1793310	1804418	-
1	1804580	1806474	-
1	1806537	1815755	-
1	1806537	1825396	-
1	1815861	1817686	-
1	1815861	1817836	-
1	1815861	1825396	-
1	1817874	1825396	-
1	1825498	1832231	-
1	1825498	1839189	-
1	1825498	1890819	-
1	1839237	1839628	-
1	1839237	1890819	-
1	1839681	1890363	-
1	1891850	1892133	+
1	1915306	1915684	+
1	1915306	1916440	+
1	1915734	1916440	+
1	1915734	1916751	+
1	1916614	1916751	+
1	1916895	1916973	+
1	1917073	1917146	+
1	1918070	1918892	-
1	1918161	1918252	-
1	1918430	1918892	-
1	1918933	1919044	-
1	1919087	1919181	-
1	1922387	1922588	-
1	1922387	1922984	-
1	1922722	1922984	-
1	1923114	1923366	-
1	1923144	1923366	-
1	1923498	1923774	-
1	1923928	1924390	-
1	1924519	1925782	-
1	1925937	1926227	-
1	1926346	1926456	-
1	1926511	1926651	-
1	1926760	1926893	-
1	1927027	1927606	-
1	1927745	1928783	-
1	1928881	1930059	-
1	1930335	1938854	-
1	1938987	1939593	-
1	1939766	1940315	-
1	1940402	1942027	-
1	1942155	1944330	-
1	1944451	1946316	-
1	1946438	1946989	-
1	1947053	1955690	-
1	1955522	1955690	-
1	1955849	1956619	-
1	1955849	1959119	-
1	1956783	1959119	-
1	1959208	1959963	-
1	1960029	1963748	-
1	1963866	1964887	-
1	1965060	1966370	-
1	1966525	1968634	-
1	1968832	1970658	-
1	1970815	1971979	-
1	1972081	1972936	-
1	1973046	1974024	-
1	1974197	1985385	-
1	1985111	1985338	-
1	1985489	1986936	-
1	1987034	1988511	-
1	1988132	1988511	-
1	1988654	1988888	-
1	1988972	1990889	-
1	1990974	2003700	-
1	2014999	2015364	-
1	2019490	2023796	+
1	2019490	2024941	+
1	2022390	2024941	+
1	2023889	2024941	+
1	2025053	2025333	+
1	2025400	2025517	+
1	2025431	2025517	+
1	2025737	2027576	+
1	2027658	2028070	+
1	2027658	2028154	+
1	2028286	2029110	+
1	2028291	2029110	+
1	2028291	2029550	+
1	2029265	2029550	+
1	2029265	2029590	+
1	2029265	2029619	+
1	2029407	2029550	+
1	2029761	2029982	+
1	2049467	2049597	-
1	2049665	2049867	-
1	2050700	2055440	+
1	2051011	2055440	+
1	2055561	2056483	+
1	2055561	2059540	+
1	2055875	2056483	+
1	2056572	2059540	+
1	2059590	2071298	+
1	2059590	2135261	+
1	2073928	2098346	+
1	2073928	2135261	+
1	2074274	2135261	+
1	2074766	2135261	+
1	2075132	2135261	+
1	2075378	2135261	+
1	2082459	2135261	+
1	2098554	2135261	+
1	2104894	2135261	+
1	2111816	2135261	+
1	2116309	2135261	+
1	2133999	2135261	+
1	2135085	2135261	+
1	2135346	2144209	+
1	2144340	2145337	+
1	2144340	2145388	+
1	2144340	2146026	+
1	2144340	2148871	+
1	2144583	2146026	+
1	2145510	2146026	+
1	2146107	2148871	+
1	2148923	2150789	+
1	2150977	2155994	+
1	2156091	2169517	+
1	2169116	2169517	+
1	2169603	2171552	+
1	2169603	2172054	+
1	2171644	2172054	+
1	2172189	2172300	+
1	2172387	2173896	+
1	2174015	2174753	+
1	2174832	2175223	+
1	2175312	2181831	+
1	2175312	2184582	+
1	2181913	2184582	+
1	2182740	2183570	-
1	2182822	2183570	-
1	2183703	2183990	-
1	2184697	2184921	+
1	2185512	2186003	-
1	2185512	2193638	-
1	2186248	2186837	-
1	2187205	2189712	-
1	2189780	2192646	-
1	2189780	2192844	-
1	2189780	2193638	-
1	2192974	2193638	-
1	2193909	2193997	-
1	2193909	2194687	-
1	2193909	2198006	-
1	2194132	2194687	-
1	2194132	2198006	-
1	2198141	2198753	-
1	2198141	2201049	-
1	2201224	2203435	-
1	2201224	2203563	-
1	2203629	2206304	-
1	2203629	2212371	-
1	2206423	2206514	-
1	2206666	2207555	-
1	2212457	2212548	-
1	2212643	2220534	+
1	2229734	2302977	+
1	2232668	2302977	+
1	2248070	2302977	+
1	2303102	2303284	+
1	2303399	2303839	+
1	2304101	2304292	+
1	2304107	2304292	+
1	2304584	2306019	+
1	2306249	2306576	+
1	2321578	2324096	-
1	2324142	2336468	-
1	2332752	2336468	-
1	2336547	2336716	-
1	2336849	2357431	-
1	2355463	2357431	-
1	2357597	2358591	-
1	2358714	2372480	-
1	2371904	2372480	-
1	2372590	2374460	-
1	2374556	2375598	-
1	2374556	2384977	-
1	2378979	2379108	-
1	2379226	2384977	-
1	2385064	2385806	-
1	2385157	2385806	-
1	2385896	2387418	-
1	2387528	2388238	-
1	2388336	2389924	-
1	2388336	2391457	-
1	2389995	2391457	-
1	2391957	2395607	+
1	2391957	2395783	+
1	2393230	2395783	+
1	2395647	2395783	+
1	2395870	2397115	+
1	2397219	2399414	+
1	2397219	2400856	+
1	2399513	2400856	+
1	2400934	2402096	+
1	2400934	2402206	+
1	2402341	2403034	+
1	2405827	2406483	-
1	2405833	2406483	-
1	2406618	2406719	-
1	2406894	2408451	-
1	2406894	2408455	-
1	2406954	2408451	-
1	2408857	2409677	-
1	2408857	2410260	-
1	2408857	2410370	-
1	2410450	2410629	-
1	2410450	2412390	-
1	2410450	2413596	-
1	2410867	2412390	-
1	2426036	2430337	+
1	2430628	2478475	+
1	2467661	2478475	+
1	2476711	2478475	+
1	2478621	2479733	+
1	2479976	2480182	+
1	2479977	2480183	+
1	2480311	2484447	+
1	2484617	2486906	+
1	2486999	2487172	+
1	2487375	2487597	+
1	2487717	2489206	+
1	2489377	2489759	+
1	2489866	2491191	+
1	2491334	2494855	+
1	2492595	2493100	-
1	2493852	2494382	-
1	2494947	2495487	+
1	2495569	2496606	+
1	2496703	2496827	+
1	2497009	2497501	+
1	2497009	2498522	+
1	2497608	2498522	+
1	2498646	2498743	+
1	2498827	2499083	+
1	2499229	2499640	+
1	2499719	2502111	+
1	2502408	2503616	+
1	2502408	2503921	+
1	2502909	2503616	+
1	2503642	2503921	+
1	2509059	2509861	-
1	2509929	2510056	-
1	2510156	2510677	-
1	2510747	2511337	-
1	2510781	2511337	-
1	2511386	2511627	-
1	2511682	2512887	-
1	2513038	2514001	-
1	2514088	2514353	-
1	2514465	2515257	-
1	2514465	2515561	-
1	2515400	2515561	-
1	2515716	2518163	-
1	2518263	2518515	-
1	2518596	2519142	-
1	2519323	2519800	-
1	2519953	2520321	-
1	2520413	2520722	-
1	2520832	2521144	-
1	2520905	2521100	-
1	2521314	2521717	-
1	2521314	2526463	-
1	2521799	2525600	-
1	2521799	2526463	-
1	2521940	2526463	-
1	2529748	2529845	-
1	2530010	2530110	-
1	2530101	2545968	+
1	2550118	2551774	-
1	2550273	2550572	-
1	2550273	2550991	-
1	2550273	2554100	-
1	2550730	2550991	-
1	2552702	2553625	-
1	2553813	2554100	-
1	2554295	2554723	-
1	2554295	2555680	-
1	2555666	2556584	+
1	2555849	2556584	+
1	2555868	2556427	-
1	2556031	2556584	+
1	2556251	2556584	+
1	2556260	2556584	+
1	2556454	2559351	+
1	2556695	2556976	-
1	2556732	2557725	+
1	2557833	2558342	+
1	2558467	2558880	+
1	2558467	2559822	+
1	2559977	2560623	+
1	2560713	2561493	+
1	2560713	2561672	+
1	2560713	2561776	+
1	2561814	2562864	+
1	2561956	2562864	+
1	2562895	2563147	+
1	2562895	2565052	+
1	2566604	2567865	+
1	2568053	2568976	+
1	2581649	2583369	+
1	2583494	2584124	+
1	2586590	2587090	+
1	2586872	2587113	+
1	2586947	2587090	+
1	2587294	2587740	+
1	2587791	2588335	+
1	2587791	2588389	+
1	2588452	2588529	+
1	2588452	2588549	+
1	2588452	2588921	+
1	2588452	2588953	+
1	2588452	2588956	+
1	2588624	2588921	+
1	2588624	2588953	+
1	2589039	2589409	+
1	2591088	2591556	-
1	2591632	2591931	-
1	2591632	2592654	-
1	2592026	2592654	-
1	2592026	2592720	-
1	2592719	2592832	-
1	2592965	2593813	-
1	2593932	2594384	-
1	2593961	2594384	-
1	2594442	2594789	-
1	2594892	2595275	-
1	2595358	2596008	-
1	2596106	2596560	-
1	2596688	2598206	-
1	2598299	2598653	-
1	2598789	2603883	-
1	2603972	2604146	-
1	2603972	2609393	-
1	2604280	2605557	-
1	2605622	2606247	-
1	2606365	2606973	-
1	2607068	2609338	-
1	2609418	2609669	-
1	2609830	2611280	-
1	2611339	2612126	-
1	2612203	2629330	-
1	2629520	2632865	-
1	2630196	2632865	-
1	2632674	2636355	+
1	2641894	2644263	-
1	2644477	2645292	-
1	2645562	2783608	-
1	2773863	2773946	+
1	2774065	2774229	+
1	2774708	2774789	+
1	2774909	2774992	+
1	2775071	2775154	+
1	2775273	2775356	+
1	2775436	2775518	+
1	2775633	2776048	+
1	2776128	2776369	+
1	2783774	2785818	-
1	2786022	2787480	-
1	2787705	2789502	-
1	2790345	2800043	-
1	2800867	2801576	-
1	2811997	2812234	-
1	2814687	2814826	-
1	2961584	2961671	-
1	2962099	2963263	-
1	2962099	2968562	-
1	3059736	3060229	-
1	3060282	3060500	-
1	3060282	3061106	-
1	3060603	3061106	-
1	3061330	3061590	-
1	3061330	3063445	-
1	3061812	3062289	-
1	3064054	3064211	-
1	3064301	3067336	-
1	3068047	3068221	-
1	3069295	3186124	+
1	3133257	3133572	-
1	3186473	3244086	+
1	3238094	3244086	+
1	3244136	3385148	+
1	3244136	3385151	+
1	3385285	3386675	+
1	3385285	3396490	+
1	3396592	3402790	+
1	3402997	3404738	+
1	3404885	3405494	+
1	3405647	3411383	+
1	3412799	3414559	+
1	3412799	3414562	+
1	3414646	3417827	+
1	3417996	3418666	+
1	3418743	3425580	+
1	3425058	3425580	+
1	3425749	3426050	+
1	3426224	3430871	+
1	3431107	3431965	+
1	3431107	3433676	+
1	3432139	3433676	+
1	3432139	3433733	+
1	3454810	3463065	+
1	3463671	3466147	+
1	3466192	3467167	+
1	3467336	3468879	+
1	3468935	3469432	+
1	3469592	3473077	+
1	3471790	3473077	+
1	3473229	3473392	+
1	3473521	3474707	+
1	3474781	3475969	+
1	3476061	3477874	+
1	3478025	3478423	+
1	3478611	3479516	+
1	3479589	3479811	+
1	3479912	3480447	+
1	3490588	3490911	-
1	3490588	3492638	-
1	3490958	3492638	-
1	3492766	3493770	-
1	3492766	3493995	-
1	3493796	3494370	-
1	3493898	3493995	-
1	3494123	3494370	-
1	3494498	3494612	-
1	3494740	3495889	-
1	3496017	3496654	-
1	3496782	3496987	-
1	3496782	3497232	-
1	3497118	3497232	-
1	3497360	3497490	-
1	3497360	3498370	-
1	3497620	3498370	-
1	3498498	3498697	-
1	3498498	3499587	-
1	3498825	3499137	-
1	3499265	3499587	-
1	3499715	3499795	-
1	3499923	3500632	-
1	3500763	3500965	-
1	3501093	3501176	-
1	3501307	3501795	-
1	3501920	3505207	-
1	3505341	3505421	-
1	3505555	3506107	-
1	3506235	3507794	-
1	3507922	3508557	-
1	3508688	3509074	-
1	3509244	3509869	-
1	3509991	3510782	-
1	3510901	3511549	-
1	3511686	3512005	-
1	3512127	3514549	-
1	3514671	3515401	-
1	3515526	3524123	-
1	3524245	3531079	-
1	3524245	3546997	-
1	3524245	3579824	-
1	3547122	3595337	-
1	3579928	3595337	-
1	3595446	3602465	-
1	3602599	3611137	-
1	3623555	3624307	-
1	3624449	3624631	-
1	3625272	3625423	+
1	3625514	3625712	+
1	3625514	3627499	+
1	3625888	3627499	+
1	3627652	3628408	+
1	3631116	3631465	-
1	3631656	3632212	-
1	3632337	3633397	-
1	3633502	3634996	-
1	3635073	3635159	-
1	3635073	3635943	-
1	3635293	3635943	-
1	3635293	3636994	-
1	3636029	3636994	-
1	3637097	3638749	-
1	3638821	3646665	-
1	3646781	3647407	-
1	3647559	3649930	-
1	3647559	3652712	-
1	3652640	3682332	+
1	3659429	3662152	-
1	3662264	3668624	-
1	3682429	3683059	+
1	3683179	3707548	+
1	3690943	3707548	+
1	3698150	3707548	+
1	3707790	3722020	+
1	3712437	3714186	-
1	3722206	3723353	+
1	3723468	3727114	+
1	3727223	3727627	+
1	3727769	3728128	+
1	3728216	3729326	+
1	3729447	3729999	+
1	3729447	3730926	+
1	3729447	3731462	+
1	3729447	3732746	+
1	3730147	3730926	+
1	3731064	3731462	+
1	3731064	3732746	+
1	3731555	3732746	+
1	3736557	3736925	-
1	3737102	3737780	-
1	3737853	3740232	-
1	3738512	3739058	-
1	3738512	3740232	-
1	3739215	3740274	-
1	3740386	3741219	-
1	3740386	3742429	-
1	3740386	3742803	-
1	3741372	3742803	-
1	3742516	3742803	-
1	3742910	3743060	-
1	3742956	3743060	-
1	3742959	3743060	-
1	3743189	3743279	-
1	3743189	3743300	-
1	3743189	3745606	-
1	3743370	3745606	-
1	3746180	3746286	-
1	3746185	3746436	-
1	3746185	3746527	-
1	3746690	3747813	+
1	3747957	3751331	+
1	3751456	3752474	+
1	3752798	3754117	+
1	3754240	3755456	+
1	3755566	3756732	+
1	3755566	3756751	+
1	3756889	3761280	+
1	3761429	3762619	+
1	3762711	3762966	+
1	3762711	3763107	+
1	3763473	3763705	+
1	3763835	3766534	+
1	3766611	3767232	+
1	3767444	3769782	+
1	3769886	3771400	+
1	3772787	3773062	+
1	3772840	3773062	+
1	3773180	3775298	+
1	3775482	3775794	+
1	3781335	3781511	-
1	3781600	3782660	-
1	3782762	3783769	-
1	3782762	3783995	-
1	3783910	3783995	-
1	3784110	3785086	-
1	3785202	3786848	-
1	3787309	3795861	-
1	3815516	3816279	-
1	3816369	3823173	-
1	3823240	3823423	-
1	3823561	3825757	-
1	3825865	3826369	-
1	3826435	3826707	-
1	3826743	3829265	-
1	3829372	3829790	-
1	3829996	3831045	-
1	3831221	3833861	-
1	3834034	3834924	-
1	3835091	3836494	-
1	3835091	3836914	-
1	3836691	3837291	-
1	3837344	3838963	-
1	3837518	3838963	-
1	3839118	3839607	-
1	3839775	3844906	-
1	3843322	3844906	-
1	3844982	3845288	-
1	3845350	3847474	-
1	3847612	3848607	-
1	3847612	3852294	-
1	3848780	3852294	-
1	3852420	3856888	-
1	3857716	3858717	+
1	3858843	3860419	+
1	3858843	3865642	+
1	3858843	3865761	+
1	3858843	3865811	+
1	3858850	3872483	+
1	3858865	3865761	+
1	3858865	3865811	+
1	3860505	3865811	+
1	3865999	3866283	+
1	3865999	3867973	+
1	3866397	3867973	+
1	3868052	3869604	+
1	3869774	3872471	+
1	3872571	3873013	+
1	3872571	3883506	+
1	3873136	3883506	+
1	3883799	3885037	+
1	3890072	3890568	-
1	3891056	3892882	-
1	3892995	3895294	-
1	3892995	3900171	-
1	3896182	3900171	-
1	3900630	3903964	+
1	3900630	3914394	+
1	3904035	3905230	+
1	3904035	3913691	+
1	3914289	3914394	+
1	3940697	3940993	+
1	3941142	3945187	+
1	3941142	3949026	+
1	3941142	3952252	+
1	3945140	3945493	-
1	3945140	3946319	-
1	3945668	3946319	-
1	3946462	3947274	-
1	3946462	3947956	-
1	3947327	3947956	-
1	3948594	3948862	-
1	3976194	3976881	+
1	3977101	4012230	+
1	3977156	3995641	+
1	3977156	3996806	+
1	3995690	3995784	+
1	3995829	3996823	+
1	3996931	3998055	+
1	4016705	4018477	-
1	4412348	4415552	+
1	4412631	4415552	+
1	4415586	4416311	+
1	4416547	4422759	+
1	4416547	4422875	+
1	4416547	4423053	+
1	4416547	4423347	+
1	4423186	4423347	+
1	4423447	4423993	+
1	4482349	4484193	-
1	4552048	4552104	-
1	4571628	4572469	+
1	4571628	4593051	+
1	4572591	4582276	+
1	4582573	4583082	+
1	4582573	4583341	+
1	4583177	4583338	+
1	4655453	4711899	+
1	4711185	4711899	+
1	4712698	4769852	+
1	4769939	4772279	+
1	4772524	4774426	+
1	4774557	4777400	+
1	4774557	4782544	+
1	4964088	4964417	-
1	4964552	4973106	-
1	4973546	4974294	+
1	4974380	4974837	+
1	4974944	4976961	+
1	4977090	4980480	+
1	5086568	5088250	-
1	5088372	5090579	-
1	5090626	5090732	-
1	5302003	5303327	-
1	5303392	5304400	-
1	5305028	5306941	-
1	5478840	5491143	-
1	5481321	5481955	-
1	5491580	5492487	-
1	5491580	5492754	-
1	5492606	5492754	-
1	5562253	5563169	-
1	5563354	5668140	-
1	5587574	5668140	-
1	5863404	5863889	-
1	5864032	5864337	-
1	5864516	5865101	-
1	5865272	5866372	-
1	5866457	5867029	-
1	5867114	5867739	-
1	5867895	5873251	-
1	5873334	5874470	-
1	5874656	5874873	-
1	5875099	5875953	-
1	5875099	5877092	-
1	5876077	5876385	-
1	5876522	5877092	-
1	5877297	5879345	-
1	5877297	5880113	-
1	5879631	5880113	-
1	5880238	5887285	-
1	5886971	5887285	-
1	5887465	5888459	-
1	5887465	5890867	-
1	5888609	5890867	-
1	5891027	5904616	-
1	5904803	5905291	-
1	5905482	5905631	-
1	5905779	5907114	-
1	5905779	5927648	-
1	5905782	5907114	-
1	5905782	5927648	-
1	5907221	5909151	-
1	5909212	5927648	-
1	5927786	5933146	-
1	5933328	5947103	-
1	5947229	5948069	-
1	5948250	5952699	-
1	5948250	5961793	-
1	5952835	5961793	-
1	5961948	5967298	-
1	5967362	5969086	-
1	5969258	5978269	-
1	5969258	5992243	-
1	5978412	5986154	-
1	5986326	5992243	-
1	5991555	6040516	+
1	5992787	5995862	+
1	5992787	6018634	+
1	5992787	6040516	+
1	5996083	6007438	+
1	6018834	6040516	+
1	6026444	6040516	+
1	6027458	6040516	+
1	6034793	6040516	+
1	6036047	6040516	+
1	6040644	6041167	+
1	6040644	6041830	+
1	6040644	6072754	+
1	6041871	6072754	+
1	6046182	6051510	+
1	6046182	6072754	+
1	6051753	6072754	+
1	6072797	6073732	+
1	6073769	6082194	+
1	6082273	6085203	+
1	6085247	6085739	+
1	6085247	6087466	+
1	6085247	6099822	+
1	6085792	6086157	+
1	6087510	6089007	+
1	6089050	6090388	+
1	6090474	6091262	+
1	6090474	6094399	+
1	6091306	6094399	+
1	6094484	6095322	+
1	6095442	6095529	+
1	6095623	6096635	+
1	6096755	6097268	+
1	6097356	6098484	+
1	6105426	6106233	-
1	6106286	6106394	-
1	6106286	6106615	-
1	6106508	6106615	-
1	6106778	6109794	-
1	6109989	6110393	-
1	6110525	6111774	-
1	6111882	6112139	-
1	6112276	6112908	-
1	6112997	6113310	-
1	6112997	6121104	-
1	6113415	6121104	-
1	6121236	6121493	-
1	6121572	6123947	-
1	6121572	6129039	-
1	6124106	6124516	-
1	6124660	6125099	-
1	6125232	6125523	-
1	6125611	6125765	-
1	6125857	6126571	-
1	6126745	6127082	-
1	6126745	6128045	-
1	6127163	6128045	-
1	6128217	6128498	-
1	6128608	6128837	-
1	6129068	6130147	-
1	6129068	6130203	-
1	6130327	6131630	-
1	6131747	6134127	-
1	6134258	6134717	-
1	6134858	6135229	-
1	6135402	6136516	-
1	6136637	6136727	-
1	6136864	6142127	-
1	6142327	6142413	-
1	6142604	6143822	-
1	6143930	6144023	-
1	6144154	6146211	-
1	6146422	6146664	-
1	6146870	6148853	-
1	6149074	6149245	-
1	6149411	6151031	-
1	6151154	6152411	-
1	6152535	6154659	-
1	6154897	6155598	-
1	6155716	6159335	-
1	6159514	6168149	-
1	6168276	6179944	-
1	6181485	6192929	-
1	6186815	6192929	-
1	6193053	6197651	-
1	6197755	6199369	-
1	6197755	6199561	-
1	6197755	6200488	-
1	6197755	6208680	-
1	6200726	6203366	-
1	6200749	6208680	-
1	6204981	6205205	-
1	6205412	6205753	-
1	6206100	6206195	+
1	6206301	6206535	+
1	6206725	6207378	+
1	6207510	6208880	+
1	6208738	6209134	-
1	6209024	6209114	+
1	6209024	6209413	+
1	6209195	6209267	+
1	6209342	6209413	+
1	6209538	6209923	+
1	6209969	6210222	+
1	6210294	6210369	+
1	6210437	6210869	+
1	6210437	6211866	+
1	6210937	6211020	+
1	6211117	6211866	+
1	6211117	6211922	+
1	6212052	6212217	+
1	6212052	6212230	+
1	6212415	6212681	+
1	6212732	6213065	+
1	6212902	6213065	+
1	6213182	6218288	+
1	6218368	6219235	+
1	6222159	6223437	-
1	6225261	6231901	-
1	6232118	6233473	-
1	6232118	6234885	-
1	6233642	6234404	-
1	6233642	6234885	-
1	6234510	6234885	-
1	6234973	6235716	-
1	6236335	6236965	+
1	6237149	6237244	+
1	6237344	6237813	+
1	6237847	6238220	+
1	6244240	6244350	+
1	6244445	6244547	+
1	6244628	6245109	+
1	6250002	6250439	-
1	6250623	6251337	-
1	6251529	6253717	-
1	6254146	6254549	-
1	6255013	6260824	-
1	6264694	6281101	-
1	6281285	6282723	-
1	6281285	6294863	-
1	6282795	6294863	-
1	6282887	6294863	-
1	6294979	6318491	-
1	6318577	6327298	-
1	6327412	6333476	-
1	6333567	6339432	-
1	6339588	6349748	-
1	6349865	6352224	-
1	6349865	6358825	-
1	6349865	6360569	-
1	6349865	6385493	-
1	6349865	6393256	-
1	6413281	6416515	-
1	6413281	6419606	-
1	6419152	6419240	-
1	6419152	6419606	-
1	6419339	6419606	-
1	6419701	6419775	-
1	6419842	6424477	-
1	6425248	6428225	+
1	6428418	6440253	+
1	6437505	6440253	+
1	6437746	6440253	+
1	6440439	6440625	+
1	6440439	6440658	+
1	6440807	6440933	+
1	6441064	6444480	+
1	6443168	6445561	-
1	6444681	6445663	+
1	6445680	6446911	-
1	6445934	6448640	+
1	6447458	6448640	+
1	6448116	6448640	+
1	6448560	6448640	+
1	6448801	6448892	+
1	6448801	6451602	+
1	6449090	6450443	+
1	6449090	6451602	+
1	6450469	6451602	+
1	6451369	6451602	+
1	6451747	6451832	+
1	6452095	6454433	+
1	6452095	6457183	+
1	6457262	6457360	+
1	6457273	6459996	+
1	6457371	6459998	+
1	6460109	6461179	+
1	6460979	6461179	+
1	6461761	6461993	-
1	6462173	6462318	-
1	6462173	6462628	-
1	6462173	6464551	-
1	6462662	6462862	-
1	6462662	6463071	-
1	6462662	6464374	-
1	6462662	6465439	-
1	6462665	6462862	-
1	6462955	6463071	-
1	6462969	6463064	-
1	6462969	6463071	-
1	6462969	6464374	-
1	6463126	6464374	-
1	6463146	6464374	-
1	6463559	6464374	-
1	6464452	6464551	-
1	6464718	6465087	-
1	6464718	6465439	-
1	6465221	6465439	-
1	6465559	6466068	-
1	6467571	6467824	-
1	6467892	6469041	-
1	6467897	6468098	-
1	6468585	6469041	-
1	6469240	6469334	-
1	6469449	6469543	-
1	6469675	6470235	-
1	6470354	6470505	-
1	6470642	6470734	-
1	6470883	6470989	-
1	6471099	6471487	-
1	6471636	6471757	-
1	6471807	6472526	-
1	6472621	6472985	-
1	6473173	6473250	-
1	6473453	6474012	-
1	6474163	6474450	-
1	6474586	6475046	-
1	6475137	6475461	-
1	6475521	6475930	-
1	6476035	6477528	-
1	6477657	6485323	-
1	6477657	6485835	-
1	6477657	6490444	-
1	6477657	6491636	-
1	6477657	6496492	-
1	6496568	6496958	-
1	6496568	6497319	-
1	6496568	6506025	-
1	6496568	6519444	-
1	6526002	6526695	-
1	6526828	6528993	-
1	6529170	6531967	-
1	6532078	6532462	-
1	6532759	6533279	-
1	6533440	6541829	-
1	6541926	6544825	-
1	6544921	6545044	-
1	6545179	6549570	-
1	6548132	6548447	+
1	6549697	6550395	-
1	6549697	6554106	-
1	6550614	6554106	-
1	6555563	6570908	+
1	6571214	6574630	+
1	6571214	6576414	+
1	6575391	6576414	+
1	6575391	6578652	+
1	6576626	6576949	+
1	6577069	6578652	+
1	6577069	6579295	+
1	6580048	6580540	+
1	6580069	6580540	+
1	6580135	6580540	+
1	6580135	6582057	+
1	6581298	6582057	+
1	6582298	6585918	+
1	6586029	6586694	+
1	6586786	6587204	+
1	6587290	6587477	+
1	6587290	6587514	+
1	6587631	6588059	+
1	6588195	6588277	+
1	6588441	6588755	+
1	6588843	6588915	+
1	6593657	6595484	-
1	6594109	6595484	-
1	6594917	6603453	-
1	6595556	6599046	-
1	6599451	6599749	-
1	6599451	6601796	-
1	6599451	6614449	-
1	6614104	6616756	+
1	6614104	6622191	+
1	6616857	6619802	+
1	6620336	6621410	+
1	6624953	6625149	+
1	6625291	6627762	+
1	6625291	6628498	+
1	6625291	6630287	+
1	6628690	6629642	+
1	6628690	6630287	+
1	6628690	6630290	+
1	6629723	6630287	+
1	6630352	6632369	+
1	6630352	6632390	+
1	6632494	6632795	+
1	6632494	6634019	+
1	6634783	6645870	-
1	6635699	6636116	-
1	6636245	6637197	-
1	6637339	6637446	-
1	6637503	6638082	-
1	6637503	6638294	-
1	6638363	6639901	-
1	6638363	6644557	-
1	6640056	6644557	-
1	6644673	6645040	-
1	6645125	6645788	-
1	6645977	6651016	-
1	6645977	6651528	-
1	6651179	6652828	-
1	6651601	6652828	-
1	6652950	6653910	-
1	6654038	6667708	-
1	6654286	6667708	-
1	6667809	6668124	-
1	6667809	6678393	-
1	6667809	6680907	-
1	6670909	6678393	-
1	6678466	6680907	-
1	6681036	6701728	-
1	6724849	6725936	+
1	6724849	6727080	+
1	6724849	6727432	+
1	6724849	6729719	+
1	6724854	6727432	+
1	6727611	6729719	+
1	6768761	6769726	+
1	6769775	6769910	+
1	6784044	6784148	-
1	6784222	6784657	-
1	6785574	6806982	+
1	6785574	6820180	+
1	6785574	6825091	+
1	6807087	6820180	+
1	6807087	6825091	+
1	6820249	6825091	+
1	6825209	6871756	+
1	6825209	6886239	+
1	6825209	6887653	+
1	6825209	7091303	+
1	6853188	6871756	+
1	6871839	6886239	+
1	6871839	6887653	+
1	6874422	6886239	+
1	6886345	6887653	+
1	7008694	7014250	-
1	7091370	7249490	+
1	7249625	7467829	+
1	7369115	7370080	+
1	7382722	7389339	-
1	7388492	7389339	-
1	7389438	7389658	-
1	7441180	7441279	-
1	7467900	7640399	+
1	7640552	7661725	+
1	7661865	7663352	+
1	7665198	7670910	+
1	7671036	7677598	+
1	7677732	7732447	+
1	7732598	7736343	+
1	7736539	7736930	+
1	7737008	7737254	+
1	7737569	7737958	+
1	7738481	7744834	+
1	7745021	7745844	+
1	7745021	7745886	+
1	7746090	7747709	+
1	7747780	7749770	+
1	7747780	7751198	+
1	7749790	7751198	+
1	7751391	7752458	+
1	7752532	7755637	+
1	7752532	7766458	+
1	7755667	7766458	+
1	7771384	7773441	+
1	7773197	7773441	+
1	7773510	7777159	+
1	7777317	7778117	+
1	7778168	7779625	+
1	7784375	7784653	+
1	7784467	7784653	+
1	7785004	7785440	+
1	7785585	7786720	+
1	7786835	7787197	+
1	7786835	7788044	+
1	7787245	7788044	+
1	7788245	7793956	+
1	7788245	7793959	+
1	7794007	7798524	+
1	7798672	7801112	+
1	7801190	7803046	+
1	7803152	7803691	+
1	7803847	7808892	+
1	7803847	7809892	+
1	7808997	7809892	+
1	7810020	7810437	+
1	7810566	7819284	+
1	7810587	7819284	+
1	7810715	7811488	-
1	7811603	7827103	-
1	7819419	7820114	+
1	7820238	7820466	+
1	7820639	7826479	+
1	7826709	7827117	+
1	7827814	7829833	+
1	7827814	7829836	+
1	7829950	7830005	+
1	7830160	7835761	+
1	7835944	7836998	+
1	7837148	7842671	+
1	7843949	7846691	-
1	7846765	7847803	-
1	7847881	7849639	-
1	7849682	7850811	-
1	7850921	7852900	-
1	7852922	7853306	-
1	7853117	7853306	-
1	7920922	7933161	-
1	7922020	7933161	-
1	7933295	7935012	-
1	7935142	7936459	-
1	7935142	7937689	-
1	7936562	7937689	-
1	7937755	7938192	-
1	7938329	7938720	-
1	7938827	7939894	-
1	7940077	7940783	-
1	7940932	7943138	-
1	7954322	7962762	+
1	7961734	7962762	+
1	7961792	7962762	+
1	7962080	7962762	+
1	7962100	7962762	+
1	7962874	7965323	+
1	7965424	7969084	+
1	7965424	7969344	+
1	7965424	7970893	+
1	7969147	7969344	+
1	7969403	7970893	+
1	7970962	7971628	+
1	7970962	7977651	+
1	7977737	7984863	+
1	7977737	7984893	+
1	7991446	7994546	+
1	7994663	7996320	+
1	7996442	8000087	+
1	7998366	7999072	-
1	8000184	8000605	+
1	8000727	8001914	+
1	8000727	8003987	+
1	8004557	8015494	-
1	8014395	8015307	-
1	8014395	8015494	-
1	8015383	8015494	-
1	8015399	8015494	-
1	8015691	8026157	-
1	8027420	8029226	+
1	8029356	8121473	+
1	8057940	8058360	-
1	8190330	8191215	+
1	8191494	8192181	+
1	8192253	8192556	+
1	8202875	8208666	+
1	8208872	8210486	+
1	8210594	8214624	+
1	8210594	8215078	+
1	8214677	8215078	+
1	8218532	8220396	-
1	8318185	8324305	+
1	8324725	8325297	+
1	8325389	8325817	+
1	8326041	8330208	+
1	8330935	8335436	+
1	8335589	8336078	+
1	8335589	8337815	+
1	8337991	8339492	+
1	8339697	8343746	+
1	8353177	8354942	-
1	8355119	8355418	-
1	8355598	8356099	-
1	8355598	8364745	-
1	8356245	8358195	-
1	8356245	8361459	-
1	8358915	8359763	-
1	8359985	8360111	-
1	8361489	8361762	-
1	8361875	8362682	-
1	8362843	8364055	-
1	8364254	8364745	-
1	8364837	8365811	-
1	8365973	8422726	-
1	8422806	8423166	-
1	8422806	8423560	-
1	8422806	8424014	-
1	8422806	8424787	-
1	8422806	8465924	-
1	8423246	8423560	-
1	8424700	8428481	+
1	8425753	8428481	+
1	8428587	8429826	+
1	8429971	8434632	+
1	8466022	8495062	-
1	8495161	8497404	-
1	8497528	8508626	-
1	8497528	8525758	-
1	8508674	8519709	-
1	8508674	8525758	-
1	8508674	8541213	-
1	8519791	8525758	-
1	8541317	8556474	-
1	8556570	8557417	-
1	8557522	8590784	-
1	8557522	8614560	-
1	8557522	8624309	-
1	8614685	8624309	-
1	8624379	8655972	-
1	8656440	8703054	-
1	8656440	8753430	-
1	8656440	8792403	-
1	8656440	8817159	-
1	8792587	8817159	-
1	8798690	8799308	+
1	8805938	8806778	-
1	8861428	8862886	-
1	8862944	8863234	-
1	8863342	8863890	-
1	8864091	8865284	-
1	8865481	8866278	-
1	8866072	8866278	-
1	8866500	8867116	-
1	8867249	8867987	-
1	8868056	8870451	-
1	8868056	8870824	-
1	8868056	8871890	-
1	8870407	8871890	-
1	8870509	8870824	-
1	8870509	8871890	-
1	8870882	8871890	-
1	8871985	8873772	-
1	8871985	8874823	-
1	8873972	8874823	-
1	8874913	8877971	-
1	8874916	8875788	-
1	8874916	8876198	-
1	8874916	8878214	-
1	8874916	8878579	-
1	8874916	8878811	-
1	8876030	8877507	-
1	8876030	8878579	-
1	8876301	8877975	-
1	8878959	8879564	+
1	8945964	8949262	+
1	8945964	8957136	+
1	8945964	8958909	+
1	8949350	8957141	+
1	8949441	8951422	+
1	8949441	8957136	+
1	8957284	8958909	+
1	8959001	8962586	+
1	8962655	8967658	+
1	8967815	8970866	+
1	8970980	8974346	+
1	8970980	8974621	+
1	9003517	9004751	-
1	9004878	9007309	-
1	9007384	9010142	-
1	9010243	9013524	-
1	9013634	9014680	-
1	9014867	9015116	-
1	9015241	9018222	-
1	9018374	9019208	-
1	9019332	9022917	-
1	9023077	9024975	-
1	9025073	9026294	-
1	9037788	9037896	-
1	9038023	9038430	-
1	9038505	9038827	-
1	9038928	9039551	-
1	9039661	9039799	-
1	9039986	9040063	-
1	9040188	9041784	-
1	9041936	9047609	-
1	9047733	9057447	-
1	9057607	9058151	-
1	9058249	9069503	-
1	9069593	9069697	-
1	9069593	9071672	-
1	9069593	9072048	-
1	9069593	9072303	-
1	9069593	9085013	-
1	9072384	9073075	-
1	9085125	9088371	-
1	9085141	9088371	-
1	9085165	9088371	-
1	9104633	9105485	-
1	9104633	9111275	-
1	9105679	9111275	-
1	9111488	9128644	-
1	9151834	9182006	-
1	9182294	9183630	-
1	9182294	9196911	-
1	9182315	9183632	+
1	9183806	9191392	+
1	9183806	9195884	+
1	9191123	9191392	+
1	9235065	9244924	+
1	9240017	9244924	+
1	9245560	9246965	+
1	9247082	9262058	+
1	9262327	9263508	+
1	9268036	9271144	+
1	9293070	9355742	+
1	9294593	9355742	+
1	9351609	9355742	+
1	9356584	9367447	+
1	9427380	9428841	-
1	9427380	9428921	-
1	9427380	9440458	-
1	9501547	9503220	-
1	9539746	9553625	+
1	9553804	9567283	+
1	9567360	9570257	+
1	9570357	9573345	+
1	9573411	9579953	+
1	9580233	9582298	+
1	9589042	9595889	+
1	9596009	9596858	+
1	9597052	9598448	+
1	9598624	9601104	+
1	9601453	9602068	+
1	9602271	9607556	+
1	9606637	9607556	+
1	9607788	9609839	+
1	9607788	9610505	+
1	9609910	9610505	+
1	9610804	9611014	+
1	9610804	9611752	+
1	9611072	9611752	+
1	9611889	9612985	+
1	9651801	9691466	+
1	9654042	9654197	-
1	9660917	9662296	-
1	9672718	9680711	-
1	9681134	9687334	-
1	9688312	9691466	+
1	9691570	9691674	+
1	9691570	9710423	+
1	9710279	9710423	+
1	9710595	9715540	+
1	9715768	9715848	+
1	9716077	9716439	+
1	9716618	9716958	+
1	9716618	9717063	+
1	9717107	9717536	+
1	9717625	9718693	+
1	9718914	9719920	+
1	9720016	9720111	+
1	9720241	9720433	+
1	9720241	9720610	+
1	9720660	9720741	+
1	9720907	9721124	+
1	9720908	9721125	+
1	9720908	9721126	+
1	9721247	9721443	+
1	9721586	9721760	+
1	9721859	9721974	+
1	9722152	9722243	+
1	9722355	9722527	+
1	9722605	9723124	+
1	9723291	9723968	+
1	9724091	9724275	+
1	9724420	9724803	+
1	9724935	9726908	+
1	9730704	9731121	-
1	9730704	9731205	-
1	9731389	9731760	-
1	9731895	9733400	-
1	9733545	9733971	-
1	9734141	9734947	-
1	9735173	9735466	-
1	9735614	9735884	-
1	9736041	9737497	-
1	9736041	9741093	-
1	9737553	9741093	-
1	9741255	9743883	-
1	9744004	9744394	-
1	9744642	9749460	-
1	9749645	9749763	-
1	9749912	9751472	-
1	9751680	9755113	-
1	9755308	9756480	-
1	9755308	9773271	-
1	9756509	9773271	-
1	9773393	9823642	-
1	9780899	9781073	+
1	9848465	9849368	+
1	9849473	9849985	+
1	9850775	9871186	-
1	9871276	9871968	-
1	9872087	9877904	-
1	9877988	9878139	-
1	9877988	9883704	-
1	9877988	9893008	-
1	9877988	9910094	-
1	9883737	9910094	-
1	9922357	9931890	-
1	9930456	9931890	-
1	9931971	9932802	-
1	9932897	9934761	-
1	9934859	9935491	-
1	9935626	9936518	-
1	9936626	9942623	-
1	9942781	9943248	-
1	9942781	9943348	-
1	9943024	9949637	+
1	9943514	9972017	+
1	9950647	9951230	-
1	9951296	9952338	-
1	9952468	9955820	-
1	9955914	9960713	-
1	9972187	9975591	+
1	9975774	9981030	+
1	9981169	9981255	+
1	9981169	9982300	+
1	9981169	9985135	+
1	9982869	9983003	+
1	9983289	9984282	+
