#Coverage	Number of genomic locations
0.0	9930732.0
1.0	37278.0
2.0	11201.0
3.0	5265.0
4.0	3222.0
5.0	1780.0
6.0	1068.0
7.0	882.0
8.0	581.0
9.0	392.0
10.0	404.0
11.0	250.0
12.0	238.0
13.0	267.0
14.0	220.0
15.0	218.0
16.0	165.0
17.0	143.0
18.0	77.0
19.0	75.0
20.0	84.0
21.0	62.0
22.0	40.0
23.0	29.0
24.0	37.0
25.0	41.0
26.0	14.0
27.0	7.0
28.0	17.0
29.0	16.0
30.0	4.0
31.0	7.0
32.0	6.0
33.0	4.0
34.0	8.0
35.0	8.0
36.0	12.0
37.0	13.0
38.0	3.0
39.0	1.0
40.0	4.0
41.0	2.0
42.0	1.0
44.0	2.0
45.0	3.0
48.0	1.0
50.0	3.0
51.0	3.0
53.0	9.0
54.0	5.0
55.0	8.0
56.0	3.0
57.0	7.0
58.0	9.0
59.0	10.0
60.0	9.0
61.0	4.0
62.0	5.0
63.0	3.0
64.0	6.0
66.0	3.0
67.0	3.0
68.0	1.0
69.0	3.0
70.0	1.0
72.0	1.0
73.0	1.0
74.0	2.0
77.0	1.0
79.0	1.0
80.0	4.0
82.0	2.0
83.0	5.0
85.0	3.0
86.0	1.0
87.0	1.0
89.0	1.0
90.0	2.0
91.0	3.0
92.0	3.0
94.0	4.0
95.0	4.0
96.0	2.0
98.0	2.0
99.0	2.0
100.0	3.0
101.0	4.0
102.0	4.0
105.0	3.0
107.0	2.0
108.0	3.0
109.0	3.0
110.0	2.0
111.0	3.0
112.0	1.0
113.0	5.0
114.0	3.0
115.0	1.0
116.0	1.0
117.0	1.0
118.0	1.0
120.0	1.0
121.0	2.0
123.0	1.0
124.0	2.0
125.0	4.0
126.0	2.0
127.0	1.0
128.0	2.0
129.0	2.0
130.0	2.0
131.0	3.0
134.0	1.0
136.0	3.0
137.0	1.0
138.0	6.0
141.0	2.0
142.0	2.0
143.0	3.0
145.0	6.0
146.0	1.0
147.0	1.0
148.0	4.0
149.0	3.0
150.0	4.0
151.0	4.0
152.0	3.0
153.0	5.0
154.0	6.0
155.0	2.0
156.0	3.0
157.0	4.0
158.0	2.0
159.0	1.0
160.0	3.0
161.0	4.0
162.0	1.0
163.0	3.0
164.0	2.0
165.0	6.0
167.0	4.0
168.0	4.0
170.0	3.0
171.0	1.0
172.0	3.0
173.0	2.0
174.0	2.0
175.0	3.0
176.0	6.0
177.0	5.0
178.0	7.0
179.0	3.0
180.0	1.0
181.0	5.0
182.0	1.0
184.0	1.0
185.0	2.0
186.0	3.0
187.0	2.0
188.0	4.0
189.0	13.0
190.0	23.0
192.0	1.0
193.0	7.0
194.0	3.0
195.0	1.0
197.0	1.0
198.0	1.0
199.0	1.0
204.0	4.0
205.0	1.0
206.0	4.0
207.0	2.0
208.0	3.0
209.0	2.0
210.0	3.0
211.0	8.0
212.0	1.0
213.0	3.0
214.0	4.0
215.0	6.0
216.0	7.0
217.0	1.0
218.0	3.0
219.0	2.0
220.0	2.0
221.0	3.0
222.0	1.0
223.0	3.0
224.0	2.0
226.0	2.0
227.0	5.0
229.0	2.0
230.0	2.0
231.0	1.0
232.0	6.0
233.0	3.0
234.0	2.0
237.0	2.0
238.0	1.0
239.0	2.0
240.0	2.0
241.0	3.0
243.0	2.0
244.0	2.0
245.0	1.0
246.0	3.0
247.0	1.0
248.0	1.0
249.0	1.0
250.0	1.0
251.0	3.0
252.0	2.0
253.0	3.0
254.0	4.0
257.0	7.0
258.0	3.0
259.0	2.0
260.0	2.0
262.0	2.0
263.0	2.0
264.0	1.0
265.0	3.0
266.0	1.0
267.0	1.0
269.0	2.0
270.0	1.0
272.0	5.0
273.0	3.0
274.0	4.0
275.0	3.0
276.0	1.0
277.0	3.0
278.0	1.0
279.0	1.0
280.0	2.0
281.0	1.0
282.0	3.0
283.0	1.0
284.0	4.0
285.0	2.0
286.0	1.0
287.0	1.0
288.0	2.0
289.0	3.0
290.0	4.0
291.0	3.0
292.0	1.0
293.0	6.0
294.0	2.0
295.0	2.0
296.0	3.0
297.0	4.0
298.0	4.0
299.0	5.0
300.0	1.0
301.0	3.0
302.0	7.0
303.0	2.0
304.0	4.0
305.0	6.0
306.0	3.0
307.0	3.0
308.0	1.0
309.0	3.0
310.0	3.0
311.0	4.0
312.0	1.0
314.0	5.0
315.0	7.0
316.0	2.0
317.0	3.0
318.0	1.0
320.0	2.0
321.0	4.0
322.0	2.0
323.0	2.0
324.0	1.0
325.0	1.0
326.0	1.0
327.0	6.0
328.0	3.0
329.0	4.0
330.0	9.0
331.0	5.0
332.0	4.0
333.0	3.0
334.0	2.0
335.0	3.0
336.0	7.0
337.0	5.0
339.0	3.0
340.0	4.0
341.0	2.0
342.0	4.0
343.0	1.0
344.0	5.0
345.0	4.0
347.0	1.0
348.0	1.0
349.0	5.0
350.0	8.0
351.0	3.0
352.0	5.0
353.0	1.0
354.0	4.0
355.0	7.0
356.0	7.0
357.0	2.0
358.0	7.0
359.0	9.0
360.0	4.0
361.0	10.0
362.0	3.0
363.0	4.0
364.0	2.0
365.0	3.0
366.0	12.0
367.0	3.0
368.0	7.0
369.0	4.0
370.0	11.0
371.0	2.0
372.0	8.0
373.0	7.0
374.0	5.0
375.0	7.0
376.0	4.0
377.0	4.0
378.0	3.0
379.0	9.0
380.0	2.0
381.0	8.0
382.0	4.0
383.0	7.0
384.0	6.0
385.0	7.0
386.0	7.0
387.0	6.0
389.0	3.0
390.0	3.0
391.0	2.0
392.0	5.0
393.0	5.0
394.0	3.0
395.0	4.0
396.0	8.0
397.0	7.0
398.0	3.0
399.0	5.0
401.0	2.0
402.0	3.0
403.0	6.0
404.0	5.0
405.0	7.0
406.0	3.0
407.0	7.0
408.0	7.0
409.0	6.0
410.0	4.0
411.0	2.0
412.0	5.0
413.0	2.0
414.0	2.0
415.0	4.0
416.0	2.0
417.0	1.0
418.0	4.0
419.0	5.0
420.0	3.0
421.0	8.0
422.0	6.0
423.0	4.0
424.0	8.0
425.0	6.0
426.0	6.0
427.0	7.0
428.0	5.0
429.0	6.0
430.0	5.0
431.0	8.0
432.0	5.0
433.0	4.0
434.0	4.0
435.0	5.0
436.0	5.0
437.0	9.0
438.0	3.0
439.0	2.0
440.0	14.0
441.0	4.0
442.0	5.0
443.0	7.0
444.0	3.0
445.0	6.0
446.0	10.0
447.0	10.0
448.0	4.0
449.0	7.0
450.0	6.0
451.0	10.0
452.0	7.0
453.0	6.0
454.0	8.0
455.0	4.0
456.0	3.0
457.0	9.0
458.0	14.0
459.0	2.0
460.0	8.0
461.0	8.0
462.0	5.0
463.0	4.0
464.0	5.0
465.0	7.0
466.0	10.0
467.0	7.0
468.0	8.0
469.0	9.0
470.0	1.0
471.0	8.0
472.0	7.0
473.0	4.0
474.0	5.0
475.0	3.0
476.0	8.0
477.0	3.0
478.0	10.0
479.0	4.0
480.0	8.0
481.0	9.0
482.0	7.0
483.0	9.0
484.0	4.0
485.0	10.0
486.0	6.0
487.0	9.0
488.0	7.0
489.0	7.0
490.0	4.0
491.0	8.0
492.0	6.0
493.0	7.0
494.0	4.0
495.0	3.0
496.0	5.0
497.0	1.0
498.0	3.0
499.0	7.0
500.0	9.0
501.0	6.0
502.0	2.0
503.0	7.0
504.0	4.0
505.0	4.0
506.0	6.0
507.0	3.0
508.0	6.0
509.0	3.0
510.0	6.0
511.0	1.0
512.0	2.0
513.0	5.0
514.0	4.0
515.0	7.0
516.0	4.0
517.0	4.0
518.0	1.0
519.0	3.0
520.0	6.0
521.0	5.0
522.0	3.0
523.0	6.0
524.0	6.0
525.0	1.0
526.0	4.0
527.0	2.0
528.0	11.0
529.0	10.0
530.0	6.0
531.0	3.0
532.0	4.0
533.0	5.0
534.0	4.0
535.0	2.0
536.0	7.0
537.0	1.0
538.0	4.0
539.0	11.0
540.0	6.0
541.0	2.0
542.0	5.0
543.0	4.0
544.0	5.0
545.0	3.0
546.0	5.0
548.0	5.0
549.0	1.0
550.0	1.0
552.0	3.0
553.0	4.0
554.0	3.0
555.0	1.0
556.0	3.0
557.0	6.0
558.0	1.0
559.0	4.0
560.0	1.0
561.0	4.0
562.0	4.0
563.0	1.0
564.0	4.0
565.0	1.0
566.0	3.0
567.0	3.0
568.0	1.0
569.0	2.0
570.0	1.0
571.0	2.0
572.0	6.0
573.0	2.0
574.0	1.0
575.0	3.0
576.0	2.0
577.0	1.0
579.0	1.0
580.0	4.0
581.0	6.0
582.0	4.0
583.0	4.0
584.0	1.0
585.0	1.0
587.0	7.0
588.0	2.0
589.0	4.0
590.0	2.0
591.0	2.0
592.0	3.0
593.0	5.0
594.0	4.0
595.0	3.0
596.0	2.0
597.0	3.0
598.0	2.0
601.0	3.0
602.0	5.0
603.0	2.0
604.0	2.0
605.0	2.0
606.0	1.0
607.0	4.0
608.0	5.0
609.0	1.0
610.0	2.0
611.0	2.0
612.0	4.0
614.0	2.0
615.0	3.0
616.0	1.0
617.0	1.0
618.0	1.0
620.0	3.0
621.0	4.0
622.0	3.0
623.0	2.0
624.0	1.0
625.0	1.0
626.0	1.0
627.0	4.0
628.0	2.0
629.0	1.0
630.0	2.0
631.0	2.0
632.0	1.0
633.0	2.0
634.0	2.0
635.0	1.0
636.0	1.0
637.0	1.0
638.0	2.0
639.0	7.0
640.0	1.0
641.0	1.0
643.0	2.0
644.0	3.0
645.0	2.0
647.0	3.0
648.0	4.0
649.0	3.0
650.0	2.0
651.0	3.0
652.0	2.0
653.0	2.0
654.0	1.0
655.0	1.0
657.0	3.0
658.0	2.0
659.0	1.0
660.0	2.0
661.0	1.0
662.0	2.0
663.0	1.0
664.0	4.0
665.0	2.0
666.0	1.0
667.0	3.0
668.0	1.0
669.0	1.0
670.0	4.0
671.0	1.0
672.0	2.0
673.0	2.0
674.0	5.0
675.0	3.0
676.0	2.0
677.0	2.0
681.0	1.0
682.0	1.0
683.0	2.0
684.0	2.0
685.0	2.0
686.0	2.0
687.0	3.0
688.0	3.0
689.0	3.0
690.0	1.0
691.0	1.0
692.0	1.0
693.0	3.0
694.0	1.0
695.0	4.0
696.0	2.0
697.0	2.0
698.0	2.0
699.0	1.0
700.0	1.0
702.0	2.0
703.0	3.0
704.0	2.0
705.0	1.0
707.0	1.0
708.0	2.0
711.0	1.0
712.0	1.0
715.0	1.0
716.0	3.0
717.0	2.0
718.0	2.0
719.0	4.0
720.0	2.0
721.0	2.0
722.0	4.0
723.0	5.0
724.0	2.0
726.0	5.0
727.0	2.0
728.0	1.0
729.0	2.0
730.0	3.0
731.0	2.0
732.0	2.0
733.0	2.0
734.0	5.0
735.0	1.0
736.0	2.0
737.0	3.0
738.0	3.0
739.0	2.0
742.0	3.0
743.0	1.0
744.0	1.0
745.0	1.0
746.0	2.0
747.0	2.0
748.0	1.0
749.0	2.0
750.0	1.0
751.0	2.0
752.0	1.0
753.0	3.0
755.0	4.0
756.0	5.0
757.0	2.0
758.0	1.0
759.0	3.0
760.0	1.0
762.0	3.0
763.0	2.0
764.0	2.0
765.0	2.0
766.0	3.0
767.0	2.0
768.0	5.0
769.0	4.0
770.0	2.0
771.0	1.0
772.0	1.0
773.0	1.0
774.0	2.0
776.0	2.0
777.0	1.0
778.0	2.0
779.0	1.0
780.0	2.0
781.0	3.0
782.0	1.0
783.0	1.0
784.0	3.0
785.0	5.0
786.0	1.0
787.0	1.0
788.0	4.0
789.0	1.0
790.0	2.0
791.0	3.0
795.0	2.0
796.0	2.0
797.0	2.0
798.0	1.0
799.0	1.0
801.0	3.0
802.0	3.0
803.0	1.0
804.0	1.0
805.0	1.0
806.0	2.0
807.0	1.0
809.0	4.0
810.0	2.0
811.0	2.0
812.0	4.0
813.0	1.0
814.0	2.0
815.0	4.0
816.0	1.0
821.0	2.0
822.0	1.0
823.0	1.0
825.0	1.0
826.0	1.0
828.0	2.0
831.0	1.0
832.0	1.0
833.0	1.0
834.0	2.0
835.0	1.0
838.0	1.0
839.0	2.0
841.0	1.0
842.0	2.0
844.0	2.0
846.0	1.0
848.0	1.0
851.0	2.0
852.0	1.0
853.0	1.0
855.0	3.0
857.0	1.0
859.0	1.0
860.0	2.0
861.0	3.0
863.0	1.0
864.0	4.0
865.0	1.0
867.0	2.0
868.0	1.0
869.0	2.0
872.0	2.0
873.0	1.0
875.0	3.0
878.0	1.0
879.0	3.0
880.0	4.0
881.0	2.0
882.0	4.0
884.0	3.0
885.0	2.0
886.0	1.0
888.0	1.0
889.0	1.0
890.0	2.0
891.0	1.0
892.0	2.0
893.0	2.0
896.0	1.0
897.0	2.0
899.0	3.0
900.0	1.0
901.0	1.0
902.0	1.0
903.0	3.0
904.0	1.0
905.0	4.0
906.0	2.0
907.0	1.0
908.0	2.0
909.0	2.0
911.0	2.0
912.0	1.0
913.0	3.0
914.0	4.0
915.0	3.0
916.0	3.0
917.0	1.0
918.0	3.0
919.0	2.0
920.0	2.0
921.0	1.0
922.0	1.0
923.0	2.0
924.0	1.0
925.0	1.0
926.0	1.0
927.0	1.0
928.0	1.0
929.0	2.0
930.0	5.0
931.0	1.0
932.0	1.0
933.0	1.0
934.0	3.0
935.0	1.0
936.0	2.0
938.0	3.0
939.0	1.0
941.0	1.0
942.0	2.0
943.0	1.0
944.0	2.0
945.0	1.0
946.0	3.0
948.0	4.0
949.0	2.0
950.0	3.0
951.0	1.0
952.0	3.0
953.0	2.0
955.0	1.0
956.0	1.0
958.0	1.0
959.0	1.0
960.0	2.0
962.0	1.0
963.0	1.0
965.0	1.0
966.0	1.0
967.0	1.0
968.0	1.0
972.0	1.0
974.0	1.0
975.0	2.0
976.0	2.0
981.0	1.0
982.0	2.0
983.0	1.0
984.0	3.0
987.0	1.0
991.0	1.0
993.0	2.0
994.0	1.0
996.0	1.0
998.0	1.0
999.0	4.0
1000.0	2.0
1002.0	1.0
1003.0	1.0
1004.0	2.0
1005.0	1.0
1009.0	3.0
1010.0	1.0
1011.0	3.0
1012.0	2.0
1013.0	2.0
1014.0	4.0
1015.0	2.0
1016.0	1.0
1017.0	3.0
1018.0	1.0
1020.0	1.0
1021.0	1.0
1022.0	2.0
1023.0	1.0
1024.0	2.0
1025.0	6.0
1026.0	4.0
1027.0	3.0
1028.0	2.0
1030.0	5.0
1031.0	2.0
1032.0	4.0
1033.0	1.0
1034.0	2.0
1035.0	1.0
1036.0	1.0
1037.0	3.0
1038.0	4.0
1039.0	2.0
1040.0	3.0
1041.0	7.0
1042.0	2.0
1043.0	3.0
1044.0	4.0
1045.0	1.0
1046.0	1.0
1047.0	2.0
1048.0	2.0
1050.0	2.0
1051.0	3.0
1053.0	2.0
1054.0	3.0
1055.0	1.0
1057.0	3.0
1058.0	5.0
1059.0	1.0
1060.0	2.0
1062.0	1.0
1063.0	4.0
1064.0	2.0
1065.0	2.0
1066.0	2.0
1067.0	2.0
1068.0	1.0
1069.0	1.0
1070.0	3.0
1071.0	2.0
1072.0	2.0
1073.0	1.0
1074.0	1.0
1075.0	3.0
1076.0	3.0
1077.0	2.0
1078.0	4.0
1079.0	2.0
1080.0	2.0
1081.0	1.0
1082.0	3.0
1083.0	4.0
1084.0	1.0
1085.0	2.0
1088.0	2.0
1089.0	1.0
1090.0	2.0
1092.0	3.0
1093.0	2.0
1094.0	4.0
1095.0	3.0
1096.0	2.0
1097.0	3.0
1098.0	1.0
1099.0	3.0
1100.0	3.0
1101.0	3.0
1102.0	2.0
1103.0	1.0
1104.0	1.0
1105.0	2.0
1106.0	2.0
1107.0	2.0
1108.0	4.0
1109.0	3.0
1111.0	2.0
1112.0	4.0
1113.0	1.0
1114.0	1.0
1115.0	2.0
1116.0	1.0
1117.0	3.0
1118.0	2.0
1120.0	1.0
1121.0	2.0
1122.0	1.0
1123.0	2.0
1124.0	2.0
1125.0	2.0
1126.0	3.0
1127.0	5.0
1128.0	2.0
1129.0	5.0
1131.0	1.0
1132.0	1.0
1134.0	3.0
1135.0	1.0
1136.0	2.0
1137.0	2.0
1138.0	2.0
1139.0	3.0
1140.0	4.0
1141.0	2.0
1142.0	1.0
1143.0	3.0
1144.0	3.0
1146.0	3.0
1147.0	7.0
1148.0	4.0
1149.0	1.0
1150.0	2.0
1151.0	1.0
1152.0	2.0
1153.0	5.0
1154.0	1.0
1156.0	4.0
1158.0	1.0
1159.0	2.0
1160.0	3.0
1161.0	3.0
1162.0	1.0
1163.0	3.0
1164.0	3.0
1165.0	4.0
1167.0	3.0
1168.0	2.0
1169.0	6.0
1170.0	2.0
1171.0	3.0
1172.0	2.0
1173.0	3.0
1174.0	3.0
1175.0	5.0
1176.0	4.0
1177.0	3.0
1178.0	8.0
1179.0	3.0
1180.0	3.0
1181.0	3.0
1182.0	3.0
1183.0	2.0
1184.0	5.0
1185.0	3.0
1186.0	5.0
1187.0	1.0
1188.0	5.0
1189.0	4.0
1190.0	2.0
1191.0	4.0
1192.0	2.0
1193.0	5.0
1194.0	3.0
1195.0	3.0
1196.0	2.0
1197.0	5.0
1198.0	2.0
1199.0	4.0
1200.0	1.0
1201.0	2.0
1202.0	4.0
1204.0	1.0
1205.0	2.0
1206.0	3.0
1207.0	1.0
1210.0	4.0
1211.0	4.0
1212.0	2.0
1213.0	4.0
1215.0	1.0
1216.0	2.0
1218.0	3.0
1219.0	2.0
1220.0	1.0
1221.0	3.0
1222.0	1.0
1223.0	5.0
1225.0	3.0
1226.0	3.0
1227.0	2.0
1228.0	1.0
1229.0	2.0
1230.0	3.0
1231.0	3.0
1233.0	2.0
1234.0	3.0
1235.0	2.0
1236.0	2.0
1237.0	1.0
1238.0	2.0
1239.0	2.0
1240.0	2.0
1241.0	2.0
1242.0	2.0
1243.0	2.0
1244.0	1.0
1245.0	2.0
1246.0	2.0
1249.0	3.0
1250.0	2.0
1251.0	2.0
1252.0	1.0
1253.0	3.0
1254.0	2.0
1255.0	3.0
1256.0	2.0
1257.0	2.0
1259.0	2.0
1261.0	3.0
1262.0	1.0
1263.0	1.0
1264.0	3.0
1265.0	2.0
1266.0	2.0
1267.0	5.0
1269.0	3.0
1270.0	1.0
1271.0	5.0
1272.0	1.0
1273.0	2.0
1274.0	2.0
1275.0	2.0
1276.0	3.0
1277.0	2.0
1278.0	3.0
1279.0	3.0
1280.0	4.0
1281.0	4.0
1282.0	4.0
1283.0	4.0
1284.0	3.0
1285.0	5.0
1286.0	2.0
1287.0	5.0
1288.0	2.0
1289.0	4.0
1291.0	3.0
1292.0	1.0
1293.0	2.0
1294.0	1.0
1295.0	2.0
1296.0	2.0
1297.0	3.0
1298.0	3.0
1300.0	1.0
1301.0	4.0
1302.0	3.0
1303.0	3.0
1304.0	4.0
1305.0	2.0
1306.0	1.0
1307.0	1.0
1308.0	1.0
1309.0	4.0
1310.0	4.0
1311.0	1.0
1312.0	3.0
1313.0	1.0
1314.0	5.0
1315.0	5.0
1316.0	3.0
1318.0	3.0
1319.0	2.0
1320.0	2.0
1322.0	2.0
1323.0	2.0
1324.0	1.0
1325.0	2.0
1326.0	1.0
1327.0	3.0
1329.0	5.0
1330.0	1.0
1331.0	3.0
1332.0	1.0
1333.0	6.0
1334.0	2.0
1335.0	2.0
1336.0	1.0
1337.0	1.0
1338.0	3.0
1339.0	3.0
1340.0	3.0
1341.0	1.0
1342.0	2.0
1343.0	1.0
1344.0	2.0
1345.0	3.0
1346.0	3.0
1347.0	3.0
1348.0	1.0
1349.0	3.0
1350.0	4.0
1351.0	2.0
1352.0	2.0
1353.0	2.0
1354.0	4.0
1355.0	4.0
1356.0	4.0
1357.0	2.0
1358.0	2.0
1359.0	4.0
1360.0	3.0
1361.0	1.0
1362.0	3.0
1363.0	3.0
1364.0	5.0
1365.0	2.0
1366.0	2.0
1367.0	5.0
1368.0	2.0
1369.0	2.0
1370.0	1.0
1371.0	1.0
1372.0	5.0
1373.0	4.0
1374.0	1.0
1375.0	3.0
1376.0	5.0
1377.0	4.0
1378.0	3.0
1379.0	4.0
1380.0	2.0
1381.0	1.0
1382.0	6.0
1383.0	3.0
1384.0	1.0
1385.0	5.0
1386.0	1.0
1387.0	2.0
1388.0	3.0
1389.0	4.0
1390.0	3.0
1391.0	3.0
1392.0	4.0
1393.0	3.0
1394.0	4.0
1395.0	1.0
1396.0	2.0
1397.0	1.0
1398.0	2.0
1399.0	1.0
1400.0	2.0
1401.0	2.0
1403.0	4.0
1404.0	2.0
1405.0	4.0
1406.0	2.0
1407.0	1.0
1408.0	2.0
1409.0	1.0
1411.0	1.0
1412.0	6.0
1413.0	3.0
1414.0	1.0
1415.0	3.0
1416.0	2.0
1417.0	3.0
1418.0	3.0
1419.0	4.0
1421.0	3.0
1422.0	3.0
1424.0	2.0
1425.0	2.0
1426.0	3.0
1427.0	2.0
1428.0	3.0
1429.0	1.0
1430.0	1.0
1431.0	1.0
1432.0	2.0
1433.0	3.0
1434.0	2.0
1437.0	2.0
1438.0	3.0
1439.0	3.0
1440.0	1.0
1441.0	1.0
1442.0	1.0
1445.0	2.0
1446.0	2.0
1447.0	2.0
1448.0	2.0
1449.0	2.0
1451.0	1.0
1452.0	1.0
1453.0	1.0
1454.0	5.0
1455.0	1.0
1456.0	1.0
1458.0	2.0
1459.0	2.0
1460.0	3.0
1461.0	3.0
1463.0	2.0
1464.0	3.0
1465.0	2.0
1466.0	1.0
1467.0	2.0
1468.0	3.0
1469.0	1.0
1470.0	2.0
1471.0	2.0
1472.0	2.0
1474.0	2.0
1475.0	2.0
1476.0	2.0
1477.0	1.0
1478.0	4.0
1479.0	5.0
1480.0	1.0
1481.0	2.0
1482.0	1.0
1483.0	1.0
1484.0	4.0
1485.0	3.0
1486.0	3.0
1488.0	3.0
1489.0	2.0
1490.0	3.0
1491.0	3.0
1492.0	1.0
1493.0	2.0
1494.0	1.0
1495.0	3.0
1496.0	2.0
1497.0	4.0
1498.0	1.0
1499.0	2.0
1500.0	2.0
1501.0	4.0
1502.0	1.0
1503.0	4.0
1504.0	2.0
1505.0	1.0
1506.0	1.0
1507.0	1.0
1508.0	3.0
1510.0	3.0
1511.0	1.0
1512.0	3.0
1513.0	2.0
1514.0	2.0
1515.0	2.0
1516.0	1.0
1518.0	6.0
1520.0	4.0
1521.0	1.0
1522.0	1.0
1523.0	2.0
1524.0	1.0
1525.0	4.0
1526.0	2.0
1527.0	3.0
1528.0	1.0
1529.0	1.0
1530.0	5.0
1531.0	1.0
1532.0	4.0
1533.0	2.0
1534.0	2.0
1535.0	4.0
1536.0	3.0
1537.0	1.0
1538.0	1.0
1540.0	2.0
1541.0	3.0
1542.0	4.0
1543.0	4.0
1545.0	3.0
1546.0	3.0
1547.0	5.0
1548.0	4.0
1549.0	2.0
1551.0	3.0
1552.0	1.0
1553.0	2.0
1554.0	2.0
1555.0	1.0
1556.0	4.0
1557.0	3.0
1559.0	1.0
1561.0	3.0
1562.0	1.0
1564.0	1.0
1565.0	3.0
1566.0	2.0
1567.0	3.0
1568.0	2.0
1569.0	2.0
1570.0	2.0
1571.0	2.0
1572.0	3.0
1573.0	4.0
1574.0	1.0
1575.0	2.0
1576.0	3.0
1577.0	2.0
1578.0	4.0
1579.0	2.0
1580.0	2.0
1581.0	1.0
1582.0	2.0
1583.0	1.0
1584.0	1.0
1586.0	4.0
1587.0	4.0
1588.0	3.0
1589.0	2.0
1591.0	1.0
1592.0	1.0
1593.0	1.0
1595.0	2.0
1596.0	2.0
1597.0	2.0
1598.0	1.0
1599.0	1.0
1600.0	1.0
1602.0	4.0
1603.0	4.0
1604.0	2.0
1605.0	2.0
1606.0	1.0
1608.0	3.0
1609.0	1.0
1610.0	4.0
1611.0	1.0
1612.0	2.0
1613.0	2.0
1614.0	2.0
1615.0	1.0
1616.0	4.0
1617.0	1.0
1618.0	1.0
1619.0	1.0
1620.0	2.0
1623.0	1.0
1624.0	2.0
1626.0	3.0
1627.0	2.0
1628.0	1.0
1629.0	3.0
1630.0	1.0
1631.0	1.0
1632.0	1.0
1633.0	1.0
1634.0	2.0
1635.0	2.0
1638.0	2.0
1639.0	3.0
1640.0	1.0
1641.0	3.0
1642.0	3.0
1643.0	2.0
1644.0	2.0
1645.0	1.0
1646.0	1.0
1650.0	1.0
1651.0	2.0
1655.0	1.0
1657.0	1.0
1659.0	2.0
1662.0	2.0
1663.0	4.0
1664.0	1.0
1665.0	1.0
1666.0	1.0
1667.0	3.0
1668.0	2.0
1669.0	2.0
1670.0	1.0
1671.0	4.0
1672.0	3.0
1673.0	3.0
1674.0	3.0
1675.0	1.0
1676.0	2.0
1677.0	1.0
1678.0	2.0
1679.0	2.0
1680.0	1.0
1681.0	1.0
1682.0	1.0
1683.0	1.0
1685.0	1.0
1686.0	2.0
1687.0	1.0
1688.0	1.0
1691.0	1.0
1692.0	1.0
1693.0	3.0
1694.0	1.0
1696.0	2.0
1699.0	2.0
1700.0	3.0
1701.0	3.0
1702.0	1.0
1703.0	2.0
1704.0	1.0
1705.0	1.0
1706.0	2.0
1707.0	1.0
1708.0	1.0
1709.0	4.0
1710.0	1.0
1711.0	1.0
1713.0	1.0
1716.0	1.0
1717.0	1.0
1719.0	1.0
1720.0	1.0
1724.0	1.0
1725.0	3.0
1727.0	1.0
1728.0	1.0
1729.0	1.0
1734.0	1.0
1735.0	1.0
1737.0	2.0
1738.0	1.0
1739.0	1.0
1740.0	1.0
1741.0	1.0
1743.0	2.0
1744.0	1.0
1745.0	1.0
1746.0	1.0
1747.0	1.0
1748.0	3.0
1752.0	3.0
1753.0	2.0
1754.0	2.0
1755.0	2.0
1756.0	2.0
1759.0	3.0
1760.0	2.0
1761.0	1.0
1762.0	1.0
1763.0	1.0
1764.0	1.0
1765.0	1.0
1770.0	3.0
1771.0	1.0
1772.0	1.0
1773.0	2.0
1775.0	1.0
1776.0	2.0
1777.0	1.0
1778.0	1.0
1780.0	2.0
1781.0	3.0
1782.0	1.0
1783.0	2.0
1784.0	2.0
1785.0	1.0
1788.0	1.0
1789.0	2.0
1791.0	2.0
1793.0	1.0
1795.0	2.0
1798.0	3.0
1799.0	1.0
1802.0	1.0
1804.0	1.0
1805.0	1.0
1808.0	1.0
1810.0	1.0
1811.0	2.0
1813.0	1.0
1815.0	1.0
1816.0	1.0
1817.0	2.0
1819.0	3.0
1821.0	2.0
1823.0	2.0
1826.0	1.0
1828.0	2.0
1832.0	1.0
1833.0	1.0
1840.0	1.0
1841.0	1.0
1842.0	1.0
1844.0	2.0
1848.0	2.0
1849.0	1.0
1852.0	1.0
1854.0	1.0
1858.0	1.0
1862.0	1.0
1863.0	1.0
1867.0	1.0
1869.0	1.0
1872.0	1.0
1875.0	1.0
1877.0	2.0
1879.0	1.0
1881.0	1.0
1882.0	1.0
1885.0	2.0
1886.0	1.0
1890.0	1.0
1891.0	1.0
1892.0	2.0
1893.0	1.0
1894.0	1.0
1895.0	2.0
1896.0	1.0
1897.0	2.0
1900.0	1.0
1902.0	1.0
1903.0	1.0
1906.0	1.0
1907.0	1.0
1910.0	1.0
1912.0	1.0
1914.0	1.0
1918.0	1.0
1919.0	1.0
1921.0	1.0
1922.0	1.0
1924.0	2.0
1925.0	1.0
1927.0	1.0
1928.0	1.0
1929.0	1.0
1930.0	1.0
1934.0	1.0
1936.0	1.0
1939.0	1.0
1943.0	1.0
1944.0	2.0
1947.0	3.0
1948.0	2.0
1950.0	3.0
1952.0	1.0
1955.0	1.0
1957.0	3.0
1960.0	3.0
1962.0	1.0
1963.0	3.0
1965.0	2.0
1966.0	2.0
1968.0	3.0
1969.0	1.0
1971.0	2.0
1974.0	2.0
1975.0	1.0
1977.0	2.0
1980.0	2.0
1984.0	1.0
1986.0	1.0
1987.0	1.0
1988.0	2.0
1989.0	1.0
1991.0	2.0
1993.0	2.0
1995.0	1.0
1997.0	2.0
1998.0	2.0
1999.0	2.0
2001.0	1.0
2002.0	1.0
2004.0	4.0
2005.0	2.0
2010.0	2.0
2011.0	1.0
2012.0	2.0
2013.0	2.0
2015.0	4.0
2016.0	3.0
2018.0	1.0
2019.0	1.0
2020.0	2.0
2021.0	2.0
2022.0	2.0
2023.0	1.0
2026.0	1.0
2027.0	3.0
2028.0	1.0
2029.0	1.0
2030.0	1.0
2031.0	1.0
2034.0	1.0
2036.0	1.0
2038.0	2.0
2040.0	1.0
2041.0	2.0
2042.0	1.0
2043.0	1.0
2047.0	2.0
2049.0	1.0
2050.0	1.0
2052.0	1.0
2053.0	4.0
2054.0	1.0
2056.0	1.0
2061.0	1.0
2063.0	1.0
2065.0	1.0
2066.0	1.0
2069.0	2.0
2070.0	1.0
2072.0	1.0
2073.0	1.0
2074.0	1.0
2079.0	1.0
2082.0	2.0
2086.0	1.0
2087.0	1.0
2088.0	1.0
2089.0	1.0
2091.0	3.0
2092.0	1.0
2094.0	2.0
2095.0	3.0
2096.0	1.0
2097.0	1.0
2098.0	3.0
2099.0	1.0
2100.0	2.0
2103.0	1.0
2104.0	1.0
2105.0	2.0
2106.0	1.0
2110.0	1.0
2111.0	1.0
2113.0	1.0
2115.0	1.0
2116.0	1.0
2117.0	1.0
2119.0	2.0
2121.0	2.0
2122.0	1.0
2123.0	1.0
2124.0	1.0
2125.0	1.0
2134.0	1.0
2135.0	1.0
2139.0	1.0
2144.0	1.0
2145.0	2.0
2147.0	1.0
2150.0	1.0
2152.0	2.0
2158.0	2.0
2159.0	1.0
2161.0	1.0
2162.0	1.0
2163.0	1.0
2164.0	2.0
2165.0	1.0
2166.0	1.0
2171.0	1.0
2172.0	3.0
2174.0	3.0
2179.0	2.0
2180.0	1.0
2182.0	1.0
2186.0	1.0
2189.0	1.0
2190.0	1.0
2195.0	1.0
2196.0	2.0
2197.0	1.0
2200.0	1.0
2202.0	1.0
2203.0	1.0
2204.0	1.0
2205.0	2.0
2208.0	1.0
2210.0	1.0
2211.0	1.0
2212.0	2.0
2213.0	2.0
2214.0	1.0
2215.0	1.0
2217.0	1.0
2219.0	1.0
2221.0	2.0
2223.0	1.0
2224.0	2.0
2225.0	1.0
2228.0	1.0
2229.0	1.0
2230.0	3.0
2231.0	1.0
2232.0	1.0
2233.0	3.0
2235.0	1.0
2236.0	2.0
2237.0	1.0
2238.0	2.0
2239.0	2.0
2240.0	2.0
2241.0	1.0
2244.0	1.0
2245.0	2.0
2247.0	1.0
2248.0	2.0
2249.0	1.0
2250.0	3.0
2251.0	1.0
2252.0	2.0
2253.0	1.0
2254.0	2.0
2255.0	3.0
2258.0	1.0
2259.0	1.0
2261.0	1.0
2263.0	2.0
2264.0	1.0
2265.0	1.0
2266.0	2.0
2267.0	1.0
2268.0	1.0
2269.0	3.0
2270.0	1.0
2271.0	2.0
2274.0	1.0
2275.0	1.0
2277.0	4.0
2279.0	1.0
2280.0	1.0
2281.0	2.0
2282.0	2.0
2283.0	1.0
2284.0	2.0
2285.0	1.0
2287.0	4.0
2288.0	1.0
2289.0	2.0
2291.0	1.0
2293.0	2.0
2295.0	1.0
2297.0	2.0
2298.0	1.0
2299.0	2.0
2300.0	1.0
2301.0	2.0
2305.0	1.0
2306.0	1.0
2308.0	1.0
2309.0	2.0
2314.0	2.0
2316.0	1.0
2317.0	1.0
2318.0	1.0
2320.0	1.0
2324.0	2.0
2325.0	1.0
2326.0	2.0
2330.0	1.0
2331.0	1.0
2332.0	1.0
2333.0	2.0
2334.0	1.0
2335.0	1.0
2336.0	3.0
2337.0	1.0
2338.0	1.0
2339.0	2.0
2340.0	1.0
2341.0	1.0
2342.0	1.0
2343.0	1.0
2346.0	1.0
2347.0	2.0
2348.0	2.0
2349.0	1.0
2350.0	1.0
2352.0	2.0
2354.0	1.0
2356.0	2.0
2357.0	1.0
2358.0	2.0
2359.0	2.0
2361.0	2.0
2362.0	1.0
2364.0	2.0
2365.0	1.0
2366.0	1.0
2367.0	2.0
2369.0	2.0
2370.0	3.0
2372.0	2.0
2375.0	4.0
2376.0	1.0
2377.0	1.0
2379.0	1.0
2380.0	3.0
2381.0	1.0
2382.0	2.0
2383.0	2.0
2384.0	1.0
2385.0	1.0
2386.0	2.0
2387.0	1.0
2388.0	5.0
2389.0	1.0
2390.0	1.0
2393.0	2.0
2396.0	4.0
2397.0	1.0
2398.0	1.0
2399.0	1.0
2400.0	3.0
2401.0	2.0
2402.0	1.0
2403.0	3.0
2404.0	2.0
2405.0	3.0
2409.0	5.0
2410.0	1.0
2411.0	1.0
2412.0	2.0
2413.0	1.0
2414.0	1.0
2416.0	2.0
2417.0	1.0
2420.0	2.0
2421.0	2.0
2423.0	2.0
2425.0	2.0
2426.0	1.0
2427.0	1.0
2428.0	1.0
2429.0	1.0
2433.0	4.0
2436.0	1.0
2437.0	3.0
2440.0	3.0
2443.0	3.0
2444.0	3.0
2445.0	1.0
2446.0	1.0
2447.0	2.0
2449.0	1.0
2450.0	3.0
2451.0	2.0
2452.0	1.0
2453.0	1.0
2454.0	2.0
2455.0	1.0
2456.0	1.0
2458.0	2.0
2459.0	1.0
2462.0	1.0
2463.0	2.0
2465.0	2.0
2466.0	1.0
2468.0	1.0
2470.0	3.0
2472.0	2.0
2473.0	1.0
2474.0	2.0
2477.0	1.0
2478.0	2.0
2479.0	1.0
2480.0	3.0
2481.0	1.0
2484.0	2.0
2485.0	1.0
2488.0	1.0
2489.0	1.0
2491.0	1.0
2493.0	1.0
2496.0	1.0
2497.0	2.0
2498.0	1.0
2501.0	1.0
2503.0	1.0
2507.0	1.0
2508.0	1.0
2509.0	3.0
2510.0	1.0
2513.0	2.0
2514.0	2.0
2515.0	1.0
2516.0	1.0
2517.0	2.0
2518.0	1.0
2519.0	1.0
2520.0	1.0
2521.0	1.0
2522.0	2.0
2523.0	1.0
2524.0	1.0
2525.0	2.0
2526.0	2.0
2527.0	2.0
2528.0	1.0
2529.0	1.0
2530.0	2.0
2532.0	1.0
2534.0	3.0
2536.0	3.0
2537.0	1.0
2538.0	1.0
2539.0	1.0
2540.0	1.0
2542.0	2.0
2543.0	1.0
2546.0	1.0
2551.0	1.0
2556.0	1.0
2557.0	2.0
2558.0	1.0
2559.0	2.0
2561.0	1.0
2563.0	1.0
2564.0	1.0
2565.0	1.0
2567.0	1.0
2570.0	2.0
2575.0	4.0
2577.0	1.0
2581.0	2.0
2585.0	3.0
2587.0	4.0
2590.0	1.0
2596.0	1.0
2603.0	3.0
2605.0	1.0
2608.0	1.0
2610.0	1.0
2618.0	1.0
2623.0	1.0
2625.0	1.0
2627.0	2.0
2631.0	1.0
2634.0	1.0
2635.0	1.0
2636.0	1.0
2638.0	1.0
2645.0	1.0
2646.0	2.0
2648.0	1.0
2651.0	1.0
2655.0	1.0
2656.0	1.0
2660.0	1.0
2669.0	1.0
2671.0	1.0
2673.0	1.0
2675.0	1.0
2682.0	1.0
2697.0	1.0
2698.0	1.0
2705.0	1.0
2709.0	1.0
2712.0	1.0
2715.0	1.0
2718.0	2.0
2723.0	1.0
2726.0	1.0
2727.0	1.0
2737.0	1.0
2738.0	1.0
2740.0	2.0
2745.0	1.0
2751.0	2.0
2752.0	1.0
2754.0	1.0
2757.0	2.0
2759.0	1.0
2760.0	1.0
2763.0	2.0
2768.0	1.0
2769.0	2.0
2773.0	1.0
2776.0	1.0
2778.0	1.0
2780.0	1.0
2782.0	2.0
2785.0	2.0
2787.0	2.0
2788.0	1.0
2794.0	1.0
2798.0	1.0
2799.0	1.0
2800.0	2.0
2801.0	1.0
2803.0	1.0
2804.0	1.0
2805.0	1.0
2807.0	2.0
2809.0	1.0
2816.0	2.0
2818.0	1.0
2820.0	1.0
2824.0	1.0
2825.0	1.0
2829.0	1.0
2830.0	1.0
2832.0	1.0
2840.0	1.0
2841.0	1.0
2845.0	1.0
2847.0	1.0
2850.0	2.0
2852.0	1.0
2855.0	1.0
2860.0	1.0
2861.0	2.0
2862.0	1.0
2868.0	1.0
2869.0	1.0
2870.0	1.0
2874.0	2.0
2882.0	1.0
2883.0	2.0
2890.0	1.0
2891.0	2.0
2892.0	1.0
2898.0	1.0
2899.0	1.0
2901.0	1.0
2902.0	1.0
2904.0	1.0
2912.0	1.0
2916.0	1.0
2917.0	2.0
2919.0	2.0
2922.0	1.0
2923.0	1.0
2926.0	1.0
2932.0	1.0
2934.0	1.0
2935.0	2.0
2940.0	1.0
2941.0	1.0
2942.0	1.0
2946.0	1.0
2948.0	1.0
2952.0	2.0
2953.0	2.0
2954.0	1.0
2955.0	1.0
2956.0	2.0
2957.0	1.0
2959.0	2.0
2963.0	1.0
2964.0	1.0
2965.0	1.0
2967.0	2.0
2968.0	1.0
2969.0	1.0
2971.0	1.0
2972.0	1.0
2973.0	1.0
2974.0	1.0
2978.0	1.0
2980.0	4.0
2982.0	1.0
2988.0	1.0
2991.0	1.0
2995.0	2.0
2997.0	1.0
3000.0	2.0
3018.0	1.0
3019.0	1.0
3022.0	2.0
3023.0	1.0
3029.0	1.0
3040.0	1.0
3041.0	2.0
3045.0	1.0
3046.0	1.0
3049.0	1.0
3054.0	1.0
3057.0	1.0
3061.0	1.0
3066.0	1.0
3067.0	1.0
3068.0	1.0
3070.0	1.0
3072.0	1.0
3079.0	1.0
3087.0	1.0
3093.0	1.0
3097.0	1.0
3125.0	1.0
3128.0	1.0
3130.0	1.0
3131.0	1.0
3132.0	1.0
3134.0	1.0
3136.0	1.0
3138.0	1.0
3146.0	2.0
3147.0	1.0
3148.0	1.0
3150.0	1.0
3152.0	1.0
3153.0	1.0
3155.0	1.0
3157.0	2.0
3163.0	2.0
3165.0	1.0
3167.0	1.0
3175.0	1.0
3180.0	1.0
3191.0	1.0
3194.0	1.0
3215.0	1.0
3246.0	2.0
3250.0	1.0
3254.0	1.0
3276.0	1.0
3291.0	1.0
3302.0	1.0
3306.0	1.0
3332.0	1.0
3360.0	1.0
3370.0	1.0
3382.0	3.0
3399.0	1.0
3400.0	2.0
3414.0	1.0
3426.0	1.0
3427.0	1.0
3467.0	1.0
3473.0	1.0
3484.0	1.0
3485.0	1.0
3490.0	1.0
3506.0	1.0
3508.0	1.0
3510.0	1.0
3518.0	1.0
3519.0	1.0
3525.0	1.0
3554.0	1.0
3560.0	1.0
3573.0	1.0
3576.0	1.0
3583.0	1.0
3616.0	1.0
3627.0	1.0
3632.0	1.0
