#Coverage	Number of genomic locations
0.0	9733162.0
1.0	138968.0
2.0	43653.0
3.0	21885.0
4.0	14054.0
5.0	9203.0
6.0	6236.0
7.0	4329.0
8.0	3261.0
9.0	2672.0
10.0	1842.0
11.0	1528.0
12.0	1098.0
13.0	934.0
14.0	760.0
15.0	643.0
16.0	657.0
17.0	629.0
18.0	525.0
19.0	501.0
20.0	362.0
21.0	411.0
22.0	382.0
23.0	352.0
24.0	283.0
25.0	269.0
26.0	356.0
27.0	316.0
28.0	286.0
29.0	232.0
30.0	225.0
31.0	196.0
32.0	247.0
33.0	219.0
34.0	219.0
35.0	187.0
36.0	149.0
37.0	143.0
38.0	162.0
39.0	193.0
40.0	160.0
41.0	153.0
42.0	126.0
43.0	125.0
44.0	111.0
45.0	122.0
46.0	108.0
47.0	129.0
48.0	80.0
49.0	49.0
50.0	68.0
51.0	83.0
52.0	51.0
53.0	50.0
54.0	47.0
55.0	55.0
56.0	64.0
57.0	59.0
58.0	77.0
59.0	69.0
60.0	53.0
61.0	67.0
62.0	50.0
63.0	40.0
64.0	59.0
65.0	46.0
66.0	34.0
67.0	39.0
68.0	25.0
69.0	22.0
70.0	23.0
71.0	17.0
72.0	20.0
73.0	25.0
74.0	18.0
75.0	29.0
76.0	44.0
77.0	37.0
78.0	37.0
79.0	40.0
80.0	31.0
81.0	35.0
82.0	26.0
83.0	29.0
84.0	21.0
85.0	9.0
86.0	8.0
87.0	21.0
88.0	10.0
89.0	15.0
90.0	17.0
91.0	30.0
92.0	13.0
93.0	12.0
94.0	8.0
95.0	9.0
96.0	10.0
97.0	4.0
98.0	4.0
99.0	7.0
100.0	11.0
101.0	4.0
102.0	10.0
103.0	11.0
104.0	7.0
105.0	9.0
106.0	8.0
107.0	11.0
108.0	7.0
109.0	7.0
110.0	5.0
111.0	8.0
112.0	5.0
113.0	10.0
114.0	6.0
115.0	10.0
116.0	3.0
117.0	4.0
118.0	2.0
119.0	5.0
120.0	5.0
121.0	1.0
122.0	8.0
123.0	8.0
124.0	11.0
125.0	23.0
126.0	6.0
127.0	6.0
128.0	4.0
129.0	6.0
130.0	3.0
131.0	6.0
132.0	8.0
133.0	8.0
134.0	9.0
135.0	6.0
136.0	9.0
137.0	7.0
138.0	7.0
139.0	11.0
140.0	13.0
141.0	11.0
142.0	7.0
143.0	7.0
144.0	3.0
145.0	5.0
146.0	5.0
147.0	4.0
148.0	5.0
149.0	4.0
150.0	4.0
151.0	4.0
152.0	3.0
153.0	3.0
154.0	4.0
155.0	3.0
156.0	1.0
157.0	1.0
158.0	5.0
159.0	3.0
160.0	5.0
161.0	5.0
162.0	10.0
163.0	2.0
164.0	6.0
165.0	3.0
166.0	8.0
167.0	1.0
168.0	2.0
169.0	3.0
170.0	2.0
172.0	2.0
173.0	2.0
174.0	2.0
175.0	3.0
176.0	2.0
177.0	4.0
178.0	2.0
179.0	4.0
180.0	8.0
181.0	5.0
182.0	6.0
183.0	6.0
184.0	5.0
185.0	5.0
186.0	9.0
187.0	7.0
188.0	4.0
189.0	8.0
190.0	6.0
191.0	3.0
192.0	2.0
193.0	9.0
194.0	4.0
195.0	7.0
196.0	6.0
197.0	7.0
198.0	7.0
199.0	3.0
200.0	1.0
201.0	4.0
202.0	1.0
203.0	2.0
204.0	2.0
205.0	3.0
206.0	1.0
207.0	1.0
208.0	5.0
209.0	5.0
210.0	4.0
211.0	2.0
212.0	3.0
213.0	3.0
216.0	3.0
217.0	1.0
218.0	4.0
219.0	5.0
220.0	2.0
221.0	4.0
223.0	1.0
224.0	6.0
225.0	9.0
226.0	10.0
227.0	11.0
228.0	2.0
229.0	6.0
230.0	5.0
231.0	7.0
232.0	9.0
233.0	6.0
234.0	7.0
235.0	11.0
236.0	5.0
237.0	6.0
238.0	8.0
239.0	13.0
240.0	8.0
241.0	10.0
242.0	14.0
243.0	5.0
244.0	6.0
245.0	11.0
246.0	9.0
247.0	4.0
248.0	8.0
249.0	6.0
250.0	8.0
251.0	11.0
252.0	10.0
253.0	8.0
254.0	9.0
255.0	1.0
256.0	3.0
257.0	3.0
258.0	8.0
259.0	4.0
260.0	7.0
261.0	6.0
262.0	4.0
263.0	5.0
264.0	7.0
265.0	10.0
266.0	15.0
267.0	7.0
268.0	8.0
269.0	7.0
270.0	5.0
271.0	8.0
272.0	9.0
273.0	9.0
274.0	17.0
275.0	5.0
276.0	8.0
277.0	12.0
278.0	10.0
279.0	10.0
280.0	6.0
281.0	9.0
282.0	6.0
283.0	8.0
284.0	15.0
285.0	16.0
286.0	15.0
287.0	13.0
288.0	15.0
289.0	10.0
290.0	13.0
291.0	8.0
292.0	8.0
293.0	9.0
294.0	9.0
295.0	11.0
296.0	6.0
297.0	6.0
298.0	12.0
299.0	10.0
300.0	9.0
301.0	10.0
302.0	4.0
303.0	7.0
304.0	6.0
305.0	6.0
306.0	9.0
307.0	8.0
308.0	3.0
309.0	3.0
310.0	13.0
311.0	6.0
312.0	7.0
313.0	8.0
314.0	3.0
315.0	9.0
316.0	3.0
317.0	8.0
318.0	11.0
319.0	11.0
320.0	5.0
321.0	8.0
322.0	10.0
323.0	9.0
324.0	3.0
325.0	11.0
326.0	4.0
327.0	9.0
328.0	7.0
329.0	5.0
330.0	5.0
331.0	5.0
332.0	9.0
333.0	15.0
334.0	5.0
335.0	7.0
336.0	7.0
337.0	3.0
338.0	8.0
339.0	9.0
340.0	5.0
341.0	3.0
342.0	6.0
343.0	5.0
344.0	4.0
345.0	5.0
346.0	6.0
347.0	2.0
348.0	4.0
349.0	8.0
350.0	6.0
351.0	8.0
352.0	10.0
353.0	7.0
354.0	7.0
355.0	8.0
356.0	13.0
357.0	8.0
358.0	9.0
359.0	9.0
360.0	7.0
361.0	6.0
362.0	8.0
363.0	11.0
364.0	6.0
365.0	3.0
366.0	5.0
367.0	3.0
368.0	9.0
369.0	11.0
370.0	5.0
371.0	5.0
372.0	12.0
373.0	9.0
374.0	14.0
375.0	2.0
376.0	7.0
377.0	8.0
378.0	5.0
379.0	5.0
380.0	4.0
381.0	3.0
382.0	3.0
383.0	6.0
384.0	4.0
385.0	12.0
386.0	5.0
387.0	5.0
388.0	5.0
389.0	4.0
390.0	7.0
391.0	9.0
392.0	7.0
393.0	6.0
394.0	6.0
395.0	4.0
396.0	7.0
397.0	7.0
398.0	5.0
399.0	8.0
400.0	6.0
401.0	8.0
402.0	8.0
403.0	6.0
404.0	7.0
405.0	2.0
406.0	8.0
407.0	8.0
408.0	5.0
409.0	5.0
410.0	7.0
411.0	3.0
412.0	5.0
413.0	12.0
414.0	4.0
415.0	8.0
416.0	4.0
417.0	4.0
418.0	6.0
419.0	11.0
420.0	3.0
421.0	3.0
422.0	6.0
423.0	3.0
424.0	4.0
425.0	3.0
426.0	3.0
427.0	4.0
429.0	4.0
430.0	3.0
431.0	3.0
432.0	3.0
433.0	2.0
434.0	5.0
435.0	3.0
437.0	1.0
438.0	1.0
439.0	1.0
440.0	3.0
441.0	2.0
442.0	3.0
443.0	2.0
444.0	4.0
445.0	4.0
446.0	2.0
447.0	1.0
448.0	3.0
449.0	4.0
450.0	2.0
451.0	4.0
452.0	5.0
453.0	3.0
454.0	3.0
455.0	6.0
456.0	3.0
457.0	4.0
459.0	2.0
461.0	3.0
462.0	1.0
463.0	3.0
464.0	6.0
465.0	4.0
466.0	5.0
467.0	8.0
468.0	1.0
470.0	2.0
471.0	1.0
472.0	2.0
474.0	1.0
475.0	4.0
476.0	5.0
477.0	5.0
478.0	4.0
479.0	2.0
480.0	4.0
482.0	3.0
483.0	2.0
486.0	2.0
487.0	1.0
488.0	4.0
489.0	4.0
490.0	1.0
491.0	2.0
492.0	4.0
493.0	3.0
494.0	4.0
495.0	2.0
496.0	2.0
497.0	1.0
498.0	3.0
499.0	2.0
500.0	2.0
501.0	2.0
502.0	2.0
503.0	1.0
504.0	3.0
505.0	2.0
506.0	3.0
507.0	1.0
508.0	3.0
510.0	4.0
511.0	1.0
512.0	2.0
513.0	2.0
514.0	2.0
516.0	1.0
517.0	2.0
518.0	1.0
519.0	2.0
520.0	3.0
521.0	2.0
522.0	1.0
523.0	1.0
524.0	1.0
525.0	1.0
526.0	1.0
528.0	2.0
529.0	3.0
530.0	3.0
532.0	2.0
533.0	2.0
534.0	1.0
535.0	6.0
536.0	1.0
537.0	2.0
538.0	2.0
539.0	1.0
540.0	1.0
541.0	2.0
543.0	3.0
544.0	3.0
545.0	3.0
546.0	1.0
547.0	4.0
548.0	1.0
549.0	1.0
551.0	2.0
552.0	3.0
553.0	2.0
554.0	1.0
555.0	3.0
556.0	1.0
557.0	1.0
559.0	1.0
560.0	1.0
561.0	3.0
562.0	1.0
563.0	3.0
564.0	2.0
565.0	4.0
566.0	1.0
568.0	3.0
570.0	2.0
571.0	2.0
572.0	4.0
573.0	2.0
574.0	1.0
575.0	3.0
576.0	5.0
577.0	2.0
578.0	2.0
579.0	4.0
580.0	4.0
581.0	1.0
582.0	4.0
583.0	2.0
584.0	3.0
585.0	6.0
586.0	7.0
587.0	3.0
588.0	3.0
589.0	5.0
590.0	1.0
591.0	1.0
592.0	3.0
594.0	1.0
595.0	3.0
596.0	1.0
598.0	1.0
599.0	4.0
600.0	4.0
601.0	6.0
602.0	2.0
603.0	5.0
604.0	1.0
605.0	1.0
606.0	3.0
607.0	3.0
608.0	2.0
609.0	3.0
610.0	3.0
611.0	1.0
612.0	2.0
613.0	5.0
614.0	9.0
615.0	5.0
616.0	3.0
617.0	1.0
618.0	2.0
619.0	2.0
620.0	2.0
621.0	1.0
622.0	1.0
623.0	2.0
625.0	1.0
626.0	4.0
627.0	1.0
628.0	2.0
629.0	2.0
630.0	4.0
631.0	2.0
632.0	2.0
633.0	1.0
634.0	4.0
635.0	1.0
636.0	2.0
637.0	2.0
638.0	1.0
639.0	1.0
640.0	4.0
641.0	2.0
642.0	2.0
643.0	2.0
644.0	3.0
646.0	1.0
647.0	1.0
649.0	2.0
650.0	2.0
651.0	1.0
653.0	2.0
654.0	5.0
655.0	4.0
656.0	3.0
658.0	3.0
659.0	1.0
660.0	2.0
661.0	4.0
662.0	3.0
663.0	2.0
664.0	3.0
665.0	3.0
666.0	5.0
667.0	4.0
668.0	2.0
669.0	2.0
670.0	5.0
671.0	1.0
672.0	1.0
673.0	2.0
674.0	4.0
675.0	4.0
676.0	4.0
678.0	2.0
679.0	3.0
680.0	4.0
682.0	1.0
683.0	4.0
684.0	3.0
685.0	3.0
686.0	4.0
687.0	2.0
688.0	1.0
689.0	1.0
690.0	4.0
691.0	3.0
692.0	2.0
693.0	2.0
694.0	3.0
695.0	2.0
696.0	1.0
697.0	2.0
698.0	7.0
699.0	1.0
700.0	5.0
701.0	5.0
702.0	5.0
703.0	1.0
704.0	1.0
707.0	6.0
708.0	1.0
709.0	3.0
710.0	4.0
711.0	4.0
712.0	4.0
713.0	5.0
714.0	7.0
715.0	2.0
716.0	3.0
717.0	4.0
718.0	2.0
719.0	2.0
720.0	3.0
721.0	8.0
722.0	2.0
723.0	2.0
724.0	2.0
725.0	1.0
726.0	3.0
727.0	2.0
728.0	3.0
729.0	4.0
730.0	3.0
731.0	4.0
732.0	6.0
733.0	1.0
734.0	4.0
735.0	2.0
736.0	2.0
737.0	6.0
738.0	4.0
739.0	7.0
740.0	4.0
741.0	1.0
742.0	6.0
743.0	4.0
744.0	6.0
745.0	2.0
746.0	2.0
747.0	5.0
748.0	2.0
749.0	6.0
750.0	2.0
752.0	6.0
753.0	3.0
754.0	6.0
755.0	5.0
756.0	5.0
758.0	6.0
759.0	1.0
760.0	2.0
761.0	3.0
762.0	4.0
763.0	1.0
764.0	3.0
765.0	3.0
766.0	5.0
767.0	3.0
768.0	4.0
769.0	2.0
770.0	3.0
771.0	2.0
772.0	3.0
773.0	6.0
774.0	3.0
775.0	6.0
776.0	1.0
777.0	4.0
778.0	4.0
779.0	5.0
781.0	2.0
782.0	2.0
783.0	1.0
784.0	2.0
785.0	2.0
786.0	1.0
787.0	4.0
788.0	4.0
789.0	3.0
790.0	3.0
791.0	4.0
792.0	2.0
793.0	2.0
794.0	2.0
795.0	1.0
796.0	3.0
797.0	1.0
798.0	3.0
799.0	3.0
801.0	1.0
802.0	2.0
803.0	2.0
804.0	2.0
805.0	5.0
806.0	1.0
807.0	3.0
808.0	2.0
809.0	3.0
810.0	2.0
811.0	4.0
812.0	2.0
814.0	1.0
815.0	2.0
816.0	1.0
817.0	3.0
818.0	2.0
819.0	3.0
820.0	3.0
821.0	3.0
822.0	2.0
823.0	2.0
824.0	5.0
825.0	6.0
826.0	5.0
827.0	2.0
828.0	3.0
829.0	4.0
830.0	3.0
831.0	9.0
832.0	1.0
833.0	1.0
834.0	3.0
835.0	6.0
836.0	5.0
837.0	3.0
838.0	6.0
839.0	4.0
840.0	5.0
841.0	3.0
842.0	5.0
843.0	3.0
844.0	4.0
845.0	6.0
846.0	1.0
847.0	2.0
848.0	3.0
849.0	5.0
850.0	3.0
851.0	3.0
852.0	2.0
853.0	4.0
854.0	3.0
855.0	4.0
856.0	5.0
857.0	4.0
858.0	4.0
859.0	3.0
860.0	4.0
861.0	5.0
862.0	7.0
863.0	5.0
864.0	3.0
865.0	1.0
866.0	1.0
867.0	7.0
868.0	5.0
869.0	1.0
870.0	4.0
871.0	3.0
873.0	4.0
874.0	2.0
875.0	2.0
876.0	2.0
877.0	6.0
878.0	4.0
879.0	2.0
880.0	5.0
881.0	2.0
882.0	3.0
883.0	7.0
884.0	5.0
885.0	1.0
886.0	2.0
887.0	2.0
888.0	6.0
889.0	3.0
890.0	3.0
891.0	3.0
892.0	4.0
893.0	3.0
894.0	4.0
895.0	7.0
896.0	1.0
897.0	3.0
898.0	7.0
899.0	3.0
900.0	2.0
901.0	2.0
902.0	2.0
903.0	1.0
904.0	4.0
905.0	3.0
906.0	3.0
907.0	3.0
908.0	3.0
909.0	4.0
910.0	4.0
911.0	2.0
912.0	7.0
913.0	3.0
914.0	3.0
915.0	2.0
916.0	8.0
917.0	6.0
918.0	3.0
919.0	4.0
920.0	4.0
921.0	3.0
922.0	5.0
923.0	2.0
925.0	1.0
926.0	4.0
927.0	1.0
928.0	3.0
929.0	1.0
930.0	2.0
931.0	1.0
932.0	3.0
933.0	3.0
934.0	5.0
935.0	3.0
936.0	4.0
937.0	3.0
939.0	1.0
940.0	4.0
941.0	4.0
942.0	5.0
943.0	2.0
945.0	2.0
946.0	3.0
947.0	4.0
948.0	3.0
949.0	2.0
950.0	1.0
951.0	2.0
952.0	2.0
953.0	4.0
954.0	1.0
955.0	1.0
956.0	3.0
957.0	5.0
958.0	2.0
959.0	3.0
960.0	5.0
962.0	6.0
963.0	2.0
964.0	1.0
965.0	2.0
966.0	4.0
967.0	5.0
968.0	2.0
969.0	4.0
970.0	4.0
971.0	1.0
972.0	3.0
973.0	8.0
974.0	6.0
975.0	8.0
976.0	6.0
977.0	4.0
978.0	6.0
979.0	5.0
980.0	2.0
981.0	2.0
982.0	3.0
983.0	3.0
984.0	1.0
985.0	1.0
986.0	4.0
987.0	4.0
988.0	5.0
989.0	3.0
990.0	3.0
991.0	1.0
992.0	5.0
993.0	3.0
995.0	3.0
996.0	3.0
997.0	3.0
999.0	1.0
1000.0	4.0
1001.0	1.0
1002.0	1.0
1003.0	4.0
1004.0	2.0
1005.0	1.0
1006.0	2.0
1007.0	7.0
1008.0	2.0
1009.0	2.0
1010.0	3.0
1011.0	1.0
1012.0	4.0
1013.0	2.0
1014.0	2.0
1015.0	6.0
1016.0	5.0
1017.0	2.0
1018.0	1.0
1019.0	1.0
1020.0	2.0
1022.0	5.0
1023.0	5.0
1024.0	3.0
1025.0	4.0
1026.0	3.0
1027.0	3.0
1028.0	7.0
1029.0	1.0
1030.0	6.0
1031.0	1.0
1032.0	4.0
1033.0	4.0
1034.0	2.0
1035.0	4.0
1036.0	1.0
1037.0	3.0
1038.0	3.0
1039.0	6.0
1040.0	4.0
1041.0	6.0
1042.0	2.0
1043.0	3.0
1045.0	5.0
1046.0	3.0
1047.0	1.0
1048.0	3.0
1049.0	4.0
1050.0	1.0
1051.0	2.0
1053.0	2.0
1054.0	3.0
1055.0	1.0
1056.0	3.0
1057.0	4.0
1058.0	7.0
1059.0	3.0
1060.0	1.0
1061.0	3.0
1062.0	2.0
1063.0	2.0
1064.0	2.0
1065.0	1.0
1066.0	2.0
1067.0	1.0
1068.0	2.0
1069.0	4.0
1070.0	1.0
1071.0	2.0
1072.0	1.0
1073.0	3.0
1074.0	1.0
1075.0	3.0
1076.0	3.0
1077.0	2.0
1078.0	1.0
1079.0	3.0
1080.0	6.0
1081.0	2.0
1082.0	2.0
1083.0	2.0
1084.0	1.0
1085.0	1.0
1086.0	1.0
1088.0	3.0
1089.0	2.0
1090.0	1.0
1092.0	2.0
1093.0	2.0
1094.0	3.0
1096.0	2.0
1097.0	3.0
1099.0	2.0
1100.0	4.0
1101.0	2.0
1103.0	2.0
1104.0	2.0
1105.0	1.0
1106.0	5.0
1107.0	2.0
1108.0	2.0
1109.0	2.0
1110.0	1.0
1111.0	2.0
1112.0	1.0
1114.0	4.0
1115.0	3.0
1116.0	2.0
1117.0	1.0
1118.0	2.0
1120.0	3.0
1121.0	2.0
1123.0	4.0
1124.0	1.0
1125.0	1.0
1127.0	2.0
1128.0	2.0
1129.0	2.0
1130.0	2.0
1132.0	2.0
1133.0	2.0
1135.0	4.0
1136.0	3.0
1137.0	2.0
1139.0	3.0
1140.0	3.0
1141.0	1.0
1142.0	4.0
1143.0	3.0
1144.0	7.0
1145.0	2.0
1146.0	4.0
1147.0	2.0
1148.0	1.0
1149.0	2.0
1150.0	3.0
1151.0	3.0
1152.0	2.0
1153.0	3.0
1154.0	5.0
1155.0	2.0
1156.0	8.0
1157.0	3.0
1159.0	3.0
1161.0	3.0
1162.0	5.0
1163.0	2.0
1164.0	4.0
1165.0	1.0
1166.0	1.0
1167.0	4.0
1168.0	1.0
1169.0	8.0
1170.0	1.0
1171.0	3.0
1172.0	2.0
1173.0	2.0
1174.0	5.0
1175.0	1.0
1176.0	2.0
1177.0	2.0
1178.0	2.0
1179.0	2.0
1180.0	1.0
1181.0	3.0
1182.0	1.0
1183.0	2.0
1184.0	1.0
1185.0	2.0
1186.0	4.0
1187.0	3.0
1188.0	2.0
1189.0	3.0
1190.0	2.0
1191.0	1.0
1192.0	1.0
1193.0	5.0
1194.0	1.0
1195.0	1.0
1196.0	2.0
1198.0	3.0
1199.0	3.0
1200.0	2.0
1201.0	3.0
1202.0	5.0
1203.0	2.0
1204.0	2.0
1205.0	7.0
1206.0	3.0
1207.0	1.0
1209.0	2.0
1210.0	3.0
1211.0	2.0
1212.0	4.0
1213.0	1.0
1214.0	2.0
1215.0	1.0
1217.0	2.0
1218.0	2.0
1219.0	2.0
1220.0	9.0
1221.0	2.0
1224.0	2.0
1225.0	4.0
1226.0	2.0
1227.0	3.0
1228.0	2.0
1230.0	2.0
1231.0	3.0
1232.0	1.0
1233.0	1.0
1234.0	5.0
1235.0	1.0
1236.0	2.0
1237.0	4.0
1238.0	2.0
1239.0	1.0
1240.0	2.0
1241.0	2.0
1242.0	3.0
1243.0	3.0
1244.0	2.0
1245.0	4.0
1246.0	1.0
1247.0	1.0
1249.0	2.0
1250.0	4.0
1251.0	2.0
1252.0	3.0
1254.0	2.0
1256.0	3.0
1257.0	1.0
1258.0	1.0
1259.0	2.0
1260.0	2.0
1261.0	2.0
1262.0	2.0
1263.0	3.0
1264.0	2.0
1265.0	1.0
1266.0	1.0
1267.0	4.0
1268.0	1.0
1269.0	2.0
1270.0	2.0
1273.0	1.0
1274.0	3.0
1275.0	1.0
1276.0	1.0
1277.0	5.0
1278.0	1.0
1279.0	3.0
1280.0	4.0
1281.0	3.0
1282.0	3.0
1284.0	3.0
1285.0	2.0
1286.0	1.0
1288.0	1.0
1289.0	2.0
1290.0	3.0
1291.0	3.0
1293.0	1.0
1294.0	2.0
1295.0	2.0
1297.0	1.0
1298.0	1.0
1300.0	1.0
1301.0	2.0
1302.0	2.0
1304.0	2.0
1305.0	3.0
1306.0	1.0
1307.0	3.0
1308.0	2.0
1309.0	1.0
1310.0	2.0
1312.0	1.0
1313.0	1.0
1316.0	1.0
1317.0	1.0
1318.0	3.0
1319.0	5.0
1320.0	1.0
1321.0	1.0
1322.0	2.0
1323.0	1.0
1324.0	2.0
1327.0	1.0
1330.0	2.0
1331.0	1.0
1332.0	1.0
1333.0	6.0
1334.0	1.0
1335.0	1.0
1336.0	3.0
1337.0	1.0
1338.0	5.0
1339.0	1.0
1340.0	1.0
1342.0	4.0
1344.0	2.0
1345.0	3.0
1346.0	3.0
1347.0	5.0
1348.0	1.0
1349.0	2.0
1350.0	1.0
1352.0	3.0
1353.0	2.0
1355.0	1.0
1356.0	3.0
1357.0	1.0
1358.0	1.0
1359.0	4.0
1360.0	3.0
1362.0	2.0
1363.0	4.0
1364.0	2.0
1365.0	2.0
1367.0	3.0
1368.0	5.0
1369.0	5.0
1370.0	3.0
1371.0	1.0
1372.0	1.0
1373.0	1.0
1374.0	1.0
1376.0	3.0
1377.0	2.0
1378.0	2.0
1381.0	1.0
1382.0	2.0
1383.0	1.0
1384.0	1.0
1385.0	1.0
1387.0	2.0
1388.0	1.0
1389.0	1.0
1391.0	1.0
1392.0	3.0
1393.0	1.0
1394.0	1.0
1395.0	2.0
1396.0	3.0
1398.0	1.0
1399.0	1.0
1400.0	2.0
1401.0	4.0
1402.0	6.0
1406.0	1.0
1407.0	1.0
1408.0	1.0
1409.0	1.0
1410.0	2.0
1411.0	1.0
1412.0	1.0
1413.0	2.0
1414.0	3.0
1415.0	2.0
1416.0	1.0
1419.0	1.0
1420.0	2.0
1421.0	1.0
1426.0	1.0
1427.0	1.0
1428.0	1.0
1430.0	1.0
1431.0	3.0
1432.0	1.0
1433.0	1.0
1436.0	2.0
1438.0	2.0
1440.0	3.0
1448.0	1.0
1450.0	2.0
1453.0	4.0
1455.0	2.0
1457.0	1.0
1458.0	2.0
1460.0	1.0
1461.0	3.0
1463.0	1.0
1464.0	1.0
1466.0	2.0
1467.0	3.0
1469.0	1.0
1470.0	2.0
1471.0	1.0
1473.0	3.0
1478.0	3.0
1479.0	1.0
1482.0	1.0
1483.0	1.0
1485.0	1.0
1486.0	1.0
1487.0	1.0
1489.0	1.0
1495.0	1.0
1496.0	2.0
1498.0	2.0
1499.0	1.0
1500.0	1.0
1501.0	1.0
1504.0	1.0
1505.0	3.0
1507.0	1.0
1510.0	1.0
1512.0	1.0
1513.0	1.0
1514.0	2.0
1519.0	2.0
1520.0	2.0
1522.0	2.0
1526.0	1.0
1527.0	1.0
1528.0	1.0
1529.0	1.0
1532.0	1.0
1535.0	1.0
1536.0	1.0
1538.0	2.0
1540.0	2.0
1543.0	2.0
1548.0	1.0
1549.0	2.0
1551.0	1.0
1553.0	4.0
1554.0	1.0
1559.0	3.0
1560.0	1.0
1561.0	1.0
1562.0	1.0
1563.0	1.0
1564.0	1.0
1565.0	1.0
1566.0	1.0
1567.0	1.0
1568.0	2.0
1570.0	2.0
1571.0	2.0
1572.0	2.0
1575.0	1.0
1576.0	1.0
1577.0	3.0
1578.0	1.0
1580.0	1.0
1581.0	2.0
1582.0	3.0
1584.0	2.0
1585.0	2.0
1586.0	1.0
1587.0	3.0
1588.0	2.0
1592.0	1.0
1594.0	1.0
1596.0	1.0
1597.0	2.0
1600.0	1.0
1601.0	1.0
1604.0	1.0
1605.0	1.0
1606.0	1.0
1609.0	2.0
1610.0	2.0
1612.0	1.0
1614.0	1.0
1615.0	2.0
1616.0	2.0
1618.0	1.0
1621.0	1.0
1622.0	2.0
1624.0	1.0
1625.0	1.0
1629.0	2.0
1630.0	1.0
1631.0	2.0
1632.0	1.0
1633.0	1.0
1634.0	1.0
1635.0	4.0
1638.0	2.0
1639.0	3.0
1640.0	3.0
1643.0	1.0
1644.0	4.0
1647.0	4.0
1648.0	3.0
1649.0	1.0
1650.0	1.0
1651.0	4.0
1653.0	1.0
1654.0	1.0
1656.0	1.0
1658.0	2.0
1659.0	2.0
1661.0	1.0
1663.0	1.0
1666.0	2.0
1667.0	2.0
1671.0	2.0
1672.0	3.0
1673.0	4.0
1674.0	1.0
1675.0	1.0
1676.0	4.0
1677.0	2.0
1678.0	1.0
1679.0	2.0
1681.0	2.0
1682.0	2.0
1683.0	1.0
1684.0	1.0
1686.0	1.0
1687.0	3.0
1688.0	1.0
1690.0	1.0
1691.0	1.0
1692.0	1.0
1693.0	2.0
1694.0	1.0
1695.0	1.0
1696.0	1.0
1697.0	2.0
1698.0	1.0
1700.0	1.0
1701.0	1.0
1703.0	1.0
1704.0	1.0
1706.0	1.0
1707.0	2.0
1709.0	1.0
1711.0	1.0
1713.0	2.0
1715.0	1.0
1717.0	1.0
1719.0	1.0
1721.0	1.0
1725.0	1.0
1726.0	2.0
1731.0	2.0
1734.0	1.0
1735.0	1.0
1737.0	1.0
1739.0	2.0
1741.0	2.0
1742.0	1.0
1743.0	2.0
1745.0	1.0
1748.0	1.0
1752.0	4.0
1754.0	2.0
1755.0	2.0
1757.0	1.0
1760.0	2.0
1761.0	1.0
1762.0	1.0
1763.0	2.0
1765.0	1.0
1769.0	1.0
1770.0	1.0
1771.0	3.0
1772.0	1.0
1775.0	1.0
1776.0	1.0
1777.0	3.0
1780.0	1.0
1781.0	1.0
1783.0	1.0
1784.0	1.0
1785.0	2.0
1787.0	2.0
1788.0	2.0
1791.0	1.0
1792.0	2.0
1793.0	2.0
1795.0	2.0
1796.0	2.0
1797.0	1.0
1798.0	2.0
1800.0	3.0
1804.0	2.0
1805.0	2.0
1807.0	2.0
1808.0	2.0
1809.0	3.0
1810.0	1.0
1812.0	2.0
1813.0	2.0
1815.0	1.0
1816.0	1.0
1817.0	1.0
1818.0	3.0
1819.0	1.0
1821.0	2.0
1825.0	1.0
1827.0	1.0
1828.0	1.0
1829.0	1.0
1830.0	1.0
1831.0	1.0
1832.0	2.0
1835.0	1.0
1836.0	3.0
1837.0	3.0
1839.0	2.0
1840.0	2.0
1842.0	1.0
1844.0	2.0
1845.0	2.0
1850.0	1.0
1854.0	2.0
1855.0	1.0
1856.0	2.0
1857.0	3.0
1860.0	1.0
1863.0	2.0
1864.0	1.0
1866.0	2.0
1867.0	1.0
1870.0	1.0
1871.0	1.0
1873.0	2.0
1874.0	1.0
1875.0	2.0
1876.0	2.0
1879.0	1.0
1880.0	1.0
1882.0	1.0
1884.0	2.0
1885.0	1.0
1886.0	1.0
1888.0	1.0
1891.0	2.0
1892.0	3.0
1895.0	1.0
1897.0	1.0
1899.0	1.0
1901.0	4.0
1902.0	2.0
1903.0	1.0
1904.0	3.0
1905.0	4.0
1907.0	2.0
1910.0	1.0
1911.0	1.0
1912.0	1.0
1914.0	2.0
1915.0	1.0
1920.0	1.0
1921.0	1.0
1922.0	3.0
1923.0	1.0
1924.0	3.0
1925.0	2.0
1926.0	3.0
1927.0	2.0
1928.0	1.0
1929.0	2.0
1930.0	2.0
1931.0	1.0
1934.0	1.0
1936.0	1.0
1938.0	1.0
1939.0	1.0
1940.0	1.0
1941.0	1.0
1942.0	1.0
1943.0	2.0
1944.0	1.0
1946.0	1.0
1948.0	1.0
1950.0	1.0
1952.0	1.0
1953.0	2.0
1954.0	2.0
1956.0	1.0
1957.0	2.0
1963.0	1.0
1964.0	1.0
1965.0	1.0
1967.0	1.0
1969.0	1.0
1970.0	1.0
1971.0	1.0
1973.0	1.0
1974.0	3.0
1976.0	1.0
1977.0	1.0
1978.0	1.0
1980.0	1.0
1983.0	1.0
1988.0	2.0
1991.0	2.0
1992.0	1.0
1993.0	1.0
1995.0	6.0
1996.0	2.0
1998.0	1.0
1999.0	2.0
2000.0	2.0
2001.0	2.0
2002.0	2.0
2003.0	2.0
2004.0	2.0
2005.0	1.0
2006.0	1.0
2007.0	1.0
2009.0	1.0
2011.0	1.0
2012.0	1.0
2014.0	2.0
2015.0	1.0
2016.0	1.0
2017.0	1.0
2018.0	2.0
2020.0	1.0
2021.0	3.0
2024.0	1.0
2025.0	2.0
2028.0	1.0
2031.0	1.0
2032.0	2.0
2034.0	1.0
2035.0	2.0
2037.0	1.0
2038.0	3.0
2039.0	2.0
2041.0	1.0
2042.0	1.0
2043.0	1.0
2044.0	1.0
2045.0	1.0
2048.0	1.0
2049.0	3.0
2050.0	1.0
2053.0	1.0
2054.0	2.0
2056.0	1.0
2057.0	3.0
2058.0	1.0
2059.0	2.0
2063.0	1.0
2064.0	2.0
2065.0	1.0
2068.0	1.0
2071.0	1.0
2072.0	1.0
2076.0	1.0
2077.0	1.0
2078.0	1.0
2080.0	1.0
2082.0	2.0
2088.0	1.0
2089.0	1.0
2092.0	1.0
2093.0	2.0
2094.0	2.0
2095.0	5.0
2096.0	1.0
2098.0	1.0
2099.0	4.0
2100.0	1.0
2101.0	1.0
2103.0	2.0
2104.0	1.0
2105.0	1.0
2107.0	3.0
2108.0	1.0
2110.0	5.0
2112.0	2.0
2114.0	2.0
2116.0	1.0
2117.0	3.0
2118.0	1.0
2120.0	2.0
2122.0	1.0
2123.0	2.0
2125.0	1.0
2127.0	1.0
2129.0	1.0
2130.0	1.0
2134.0	1.0
2137.0	1.0
2138.0	1.0
2139.0	1.0
2141.0	3.0
2143.0	3.0
2144.0	1.0
2146.0	1.0
2147.0	2.0
2148.0	3.0
2149.0	1.0
2151.0	1.0
2152.0	1.0
2154.0	2.0
2155.0	2.0
2156.0	2.0
2159.0	1.0
2160.0	1.0
2163.0	1.0
2166.0	1.0
2168.0	1.0
2170.0	1.0
2171.0	1.0
2175.0	2.0
2178.0	1.0
2181.0	1.0
2183.0	1.0
2184.0	2.0
2187.0	2.0
2190.0	3.0
2192.0	2.0
2195.0	1.0
2196.0	1.0
2204.0	1.0
2208.0	1.0
2209.0	1.0
2210.0	1.0
2212.0	2.0
2214.0	1.0
2215.0	2.0
2216.0	1.0
2221.0	1.0
2223.0	1.0
2226.0	1.0
2227.0	1.0
2230.0	1.0
2233.0	4.0
2235.0	1.0
2236.0	1.0
2238.0	1.0
2239.0	1.0
2241.0	1.0
2245.0	1.0
2246.0	1.0
2248.0	1.0
2251.0	1.0
2253.0	1.0
2254.0	1.0
2255.0	3.0
2256.0	2.0
2259.0	1.0
2262.0	1.0
2266.0	1.0
2267.0	1.0
2269.0	1.0
2270.0	1.0
2273.0	1.0
2275.0	1.0
2276.0	1.0
2277.0	2.0
2278.0	1.0
2279.0	1.0
2284.0	1.0
2285.0	1.0
2290.0	1.0
2291.0	3.0
2292.0	1.0
2293.0	1.0
2294.0	1.0
2295.0	1.0
2297.0	1.0
2298.0	1.0
2300.0	2.0
2301.0	2.0
2302.0	1.0
2304.0	1.0
2307.0	2.0
2308.0	2.0
2310.0	3.0
2313.0	1.0
2316.0	2.0
2318.0	1.0
2319.0	2.0
2322.0	1.0
2323.0	1.0
2325.0	1.0
2326.0	1.0
2327.0	1.0
2328.0	1.0
2330.0	1.0
2331.0	3.0
2335.0	2.0
2337.0	1.0
2338.0	1.0
2339.0	1.0
2341.0	1.0
2343.0	2.0
2345.0	1.0
2347.0	1.0
2350.0	1.0
2352.0	1.0
2353.0	1.0
2355.0	1.0
2364.0	1.0
2365.0	1.0
2367.0	3.0
2370.0	1.0
2372.0	1.0
2373.0	1.0
2375.0	1.0
2377.0	1.0
2378.0	1.0
2380.0	1.0
2385.0	2.0
2386.0	1.0
2390.0	2.0
2391.0	1.0
2392.0	1.0
2393.0	3.0
2402.0	1.0
2408.0	1.0
2410.0	1.0
2412.0	2.0
2417.0	1.0
2419.0	1.0
2423.0	1.0
2424.0	1.0
2426.0	1.0
2429.0	1.0
2430.0	1.0
2431.0	1.0
2432.0	1.0
2434.0	1.0
2440.0	1.0
2450.0	1.0
2455.0	1.0
2461.0	2.0
2471.0	1.0
2476.0	1.0
2479.0	1.0
2483.0	1.0
2498.0	1.0
2506.0	1.0
2511.0	1.0
2515.0	1.0
2522.0	1.0
2531.0	1.0
2538.0	1.0
2539.0	1.0
2543.0	1.0
2544.0	1.0
2554.0	1.0
2557.0	1.0
2559.0	1.0
2565.0	1.0
2567.0	1.0
2574.0	1.0
2577.0	1.0
2579.0	1.0
2611.0	1.0
2613.0	1.0
2617.0	1.0
