#Position (bp)	Coverage
12500.5	2.7518
37500.5	0.50676
62500.5	0.12168
87500.5	0.28852
112500.5	0.00504
137500.5	0.11628
162500.5	0.147
187500.5	2.41812
212500.5	0.00988
237500.5	0.0
262500.5	0.21116
287500.5	0.00252
312500.5	0.0
337500.5	0.10476
362500.5	0.18072
387500.5	0.00756
412500.5	0.00748
437500.5	0.0224
462500.5	0.00252
487500.5	1.05872
512500.5	1.11088
537500.5	1.00756
562500.5	1.0
587500.5	1.00756
612500.5	1.00504
637500.5	176.49368
662500.5	0.11992
687500.5	0.02256
712500.5	0.03252
737500.5	0.4248
762500.5	0.5912
787500.5	0.16288
812500.5	0.22552
837500.5	0.25256
862500.5	0.21868
887500.5	0.31228
912500.5	0.01008
937500.5	1.41708
962500.5	1.7954
987500.5	0.51456
1012500.5	1.63524
1037500.5	1.80168
1062500.5	1.08908
1087500.5	0.14968
1112500.5	1.7944
1137500.5	2.94708
1162500.5	1.37924
1187500.5	1.00452
1212500.5	13.39076
1237500.5	10.70716
1262500.5	6.12032
1287500.5	3.27944
1312500.5	5.04808
1337500.5	3.30604
1362500.5	15.27988
1387500.5	9.03312
1412500.5	5.04268
1437500.5	3.147
1462500.5	3.55068
1487500.5	6.57792
1512500.5	6.0662
1537500.5	16.384
1562500.5	29.07744
1587500.5	2.69224
1612500.5	3.15724
1637500.5	5.83496
1662500.5	7.90148
1687500.5	3.86464
1712500.5	5.38332
1737500.5	3.67932
1762500.5	9.446
1787500.5	20.75824
1812500.5	34.95484
1837500.5	23.27332
1862500.5	18.49928
1887500.5	13.355
1912500.5	5.20372
1937500.5	4.85152
1962500.5	7.17944
1987500.5	6.26496
2012500.5	4.86252
2037500.5	2.13544
2062500.5	1.00504
2087500.5	1.0498
2112500.5	1.10612
2137500.5	1.41592
2162500.5	1.79416
2187500.5	3.81892
2212500.5	1.33484
2237500.5	5.82
2262500.5	7.0
2287500.5	7.02012
2312500.5	2.12172
2337500.5	0.02016
2362500.5	1.14604
2387500.5	5.14884
2412500.5	4.02468
2437500.5	0.0
2462500.5	0.0
2487500.5	0.0
2512500.5	1.74064
2537500.5	0.18572
2562500.5	0.90796
2587500.5	0.364
2612500.5	0.00248
2637500.5	0.00504
2662500.5	0.0
2687500.5	0.0
2712500.5	0.0
2737500.5	0.0
2762500.5	0.0
2787500.5	0.0
2812500.5	0.0
2837500.5	0.00504
2862500.5	0.0
2887500.5	0.0
2912500.5	0.0
2937500.5	0.0
2962500.5	0.00748
2987500.5	0.00752
3012500.5	0.00252
3037500.5	0.005
3062500.5	0.01512
3087500.5	0.0
3112500.5	0.0
3137500.5	0.00252
3162500.5	0.0
3187500.5	0.00504
3212500.5	0.0
3237500.5	0.0
3262500.5	0.08208
3287500.5	0.0
3312500.5	0.0
3337500.5	0.0
3362500.5	0.0
3387500.5	0.0
3412500.5	0.01508
3437500.5	0.01008
3462500.5	0.0
3487500.5	0.36656
3512500.5	0.95776
3537500.5	0.00504
3562500.5	0.0
3587500.5	0.00248
3612500.5	0.00504
3637500.5	2.74412
3662500.5	0.0
3687500.5	0.0
3712500.5	0.0
3737500.5	1.24956
3762500.5	2.21404
3787500.5	3.84648
3812500.5	3.82308
3837500.5	3.34344
3862500.5	1.54728
3887500.5	1.30204
3912500.5	0.94036
3937500.5	0.37816
3962500.5	0.51204
3987500.5	0.0
4012500.5	0.23908
4037500.5	0.05748
4062500.5	0.01256
4087500.5	0.01256
4112500.5	0.40564
4137500.5	1.11228
4162500.5	0.799
4187500.5	0.01368
4212500.5	0.00992
4237500.5	0.12928
4262500.5	0.0
4287500.5	0.0
4312500.5	0.00756
4337500.5	0.00156
4362500.5	0.01576
4387500.5	0.00252
4412500.5	0.0
4437500.5	0.0
4462500.5	0.50408
4487500.5	0.0
4512500.5	0.0
4537500.5	0.00252
4562500.5	0.01468
4587500.5	0.01248
4612500.5	0.00244
4637500.5	0.0
4662500.5	0.0
4687500.5	0.00232
4712500.5	0.69428
4737500.5	1.0
4762500.5	0.15508
4787500.5	0.0
4812500.5	0.0
4837500.5	0.00744
4862500.5	0.63152
4887500.5	1.03508
4912500.5	1.0098
4937500.5	1.47748
4962500.5	2.0
4987500.5	1.44684
5012500.5	1.0
5037500.5	1.01248
5062500.5	1.0126
5087500.5	1.00504
5112500.5	1.0096
5137500.5	1.00252
5162500.5	1.00736
5187500.5	0.3518
5212500.5	0.00252
5237500.5	0.0
5262500.5	0.0
5287500.5	0.1848
5312500.5	1.2176
5337500.5	0.00252
5362500.5	0.0
5387500.5	0.0
5412500.5	0.0
5437500.5	0.0
5462500.5	0.01756
5487500.5	0.0
5512500.5	0.0
5537500.5	0.0
5562500.5	0.01752
5587500.5	0.306
5612500.5	0.22676
5637500.5	0.00504
5662500.5	0.00504
5687500.5	0.0
5712500.5	0.00756
5737500.5	0.03256
5762500.5	0.0
5787500.5	0.04516
5812500.5	0.0804
5837500.5	0.99928
5862500.5	2.3536
5887500.5	2.81768
5912500.5	2.42204
5937500.5	2.43124
5962500.5	1.5738
5987500.5	1.8846
6012500.5	2.1628
6037500.5	2.63496
6062500.5	2.87464
6087500.5	3.53348
6112500.5	3.76648
6137500.5	2.5338
6162500.5	2.00756
6187500.5	92.90244
6212500.5	4.15344
6237500.5	2.18036
6262500.5	2.672
6287500.5	2.72352
6312500.5	1.94276
6337500.5	1.89816
6362500.5	3.19376
6387500.5	5.32828
6412500.5	4.17524
6437500.5	4.00504
6462500.5	4.00248
6487500.5	4.00244
6512500.5	2.55416
6537500.5	4.60836
6562500.5	8.43
6587500.5	8.23948
6612500.5	5.0254
6637500.5	4.08628
6662500.5	3.62224
6687500.5	2.50064
6712500.5	2.26364
6737500.5	0.13316
6762500.5	1.05844
6787500.5	0.26292
6812500.5	0.27612
6837500.5	0.57796
6862500.5	0.0
6887500.5	0.0
6912500.5	0.00248
6937500.5	0.0
6962500.5	0.00252
6987500.5	0.0
7012500.5	0.0024
7037500.5	0.00756
7062500.5	0.0
7087500.5	0.0
7112500.5	0.00252
7137500.5	1.45488
7162500.5	2.00368
7187500.5	2.00252
7212500.5	1.21016
7237500.5	1.03484
7262500.5	1.0
7287500.5	1.0
7312500.5	1.00504
7337500.5	1.0
7362500.5	1.0
7387500.5	1.02484
7412500.5	1.15888
7437500.5	1.0
7462500.5	1.0
7487500.5	0.38568
7512500.5	0.0
7537500.5	0.18528
7562500.5	0.0
7587500.5	0.01256
7612500.5	0.03248
7637500.5	0.00252
7662500.5	0.3632
7687500.5	1.0
7712500.5	1.41104
7737500.5	2.68256
7762500.5	0.59352
7787500.5	0.0
7812500.5	0.00504
7837500.5	0.0
7862500.5	0.00252
7887500.5	0.4292
7912500.5	2.09604
7937500.5	3.96112
7962500.5	3.65632
7987500.5	4.32524
8012500.5	2.23076
8037500.5	1.8166
8062500.5	1.33148
8087500.5	1.54692
8112500.5	3.73016
8137500.5	5.01024
8162500.5	4.21272
8187500.5	4.24348
8212500.5	6.35844
8237500.5	7.58788
8262500.5	4.36008
8287500.5	2.70512
8312500.5	4.08056
8337500.5	2.841
8362500.5	2.0
8387500.5	2.29448
8412500.5	1.58048
8437500.5	0.357
8462500.5	0.00252
8487500.5	0.00948
8512500.5	0.01008
8537500.5	0.8046
8562500.5	0.0
8587500.5	0.0
8612500.5	0.00232
8637500.5	0.00244
8662500.5	0.07332
8687500.5	0.85916
8712500.5	0.00648
8737500.5	0.00496
8762500.5	0.39536
8787500.5	1.51596
8812500.5	1.50996
8837500.5	0.01244
8862500.5	0.16088
8887500.5	1.35908
8912500.5	0.72576
8937500.5	2.00756
8962500.5	2.4086
8987500.5	2.34472
9012500.5	2.48344
9037500.5	3.00252
9062500.5	6.43652
9087500.5	6.33572
9112500.5	5.07976
9137500.5	3.27916
9162500.5	5.95048
9187500.5	4.04672
9212500.5	3.75704
9237500.5	2.30496
9262500.5	2.00228
9287500.5	2.00224
9312500.5	1.5128
9337500.5	0.29248
9362500.5	0.7478
9387500.5	0.0
9412500.5	1.23076
9437500.5	1.9226
9462500.5	1.91884
9487500.5	3.56912
9512500.5	2.1684
9537500.5	3.41988
9562500.5	3.0368
9587500.5	2.23892
9612500.5	1.99828
9637500.5	4.09288
9662500.5	3.02668
9687500.5	2.24364
9712500.5	1.06564
9737500.5	1.43244
9762500.5	2.68092
9787500.5	0.66292
9812500.5	1.4328
9837500.5	0.69668
9862500.5	0.34728
9887500.5	0.89108
9912500.5	1.28656
9937500.5	2.15168
9962500.5	2.9148
9987500.5	1.88124
